人名	段誉	虚竹	乔峰	阿紫	阿朱	王语嫣	慕容复	段正淳	木婉清	鸠摩智	游坦之	丁春秋	包不同	和尚	钟灵	马夫人	阿碧	乌老大	段延庆	玄难	玄慈	朱丹臣	巴天石	钟万仇	叶二娘	云中鹤	耶律洪基	风波恶	邓百川	李秋水	赵钱孙	苏星河	徐长老	全冠清	慕容博	公冶乾	阮星竹	谭婆	秦红棉	左子穆	司空玄	黄眉	玄寂	白世镜	崔百泉	萧远山	司马林	谭公	范骅	薛慕华	玄苦	本因	刀白凤	单正	褚万里	诸保昆	康广陵	华赫艮	不平道人	过彦之	无崖子	摘星子	梅剑	天山童姥	甘宝宝	姚伯当	光大师	室里	卓不凡	岳老三	宋长老	兰剑	菊剑	玄痛	段正明	郁光标	玄生	太皇太后	龚光杰	瑞婆婆	范百龄	吴长风	傅思归	出尘子	辛双清	平婆婆	鲍千灵	缘根	本观	严妈妈	赫连铁树	本参	古笃诚	本相	易大彪	竹剑	慧真	游驹	慧净	慧方	李傀儡	宗赞王子	穆贵妃	游骥	朴者和尚	奚长老	冯阿三	神山上人	努儿海	来福儿	慧观	马五德	石嫂	崔绿华	梦姑	哈大霸	贾老者	谭青	苏辙	符敏仪	幽草	苟读	神音	桑土公	吴领军	单伯山	余婆婆	葛光佩	耶律莫哥	李春来	张全祥	容子矩	天狼子	云岛主	陈孤雁	耶律重元	小翠	刘竹庄	阿胜	程青霜	单季山	单叔山	阿洪	耶律涅鲁古	枯荣长老	少林老僧	姜师叔	端木元	祁六三	止清	孟师叔	
段誉	1.0	0.073	0.03	0.036	0.091	0.297	0.159	0.081	0.243	0.131	0.022	0.017	0.049	0.061	0.217	0.003	0.174	0.037	0.077	0.007	0.006	0.158	0.119	0.08	0.05	0.062	0.012	0.023	0.034	0.012	0.004	0.018	0.002	0.023	0.016	0.019	0.024	0.007	0.027	0.043	0.091	0.064	0.005	0.0	0.049	0.002	0.005	0.002	0.056	0.002	0.0	0.045	0.028	0.0	0.035	0.0	0.006	0.053	0.025	0.032	0.003	0.0	0.027	0.033	0.041	0.0	0.0	0.0	0.013	0.069	0.01	0.024	0.014	0.0	0.046	0.068	0.004	0.004	0.035	0.07	0.016	0.012	0.028	0.0	0.043	0.06	0.0	0.0	0.039	0.057	0.036	0.036	0.044	0.041	0.0	0.009	0.019	0.0	0.0	0.0	0.0	0.025	0.0	0.0	0.0	0.005	0.0	0.0	0.029	0.048	0.018	0.038	0.0	0.0	0.013	0.0	0.042	0.0	0.0	0.0	0.035	0.0	0.008	0.016	0.0	0.0	0.0	0.009	0.0	0.009	0.0	0.019	0.0	0.0	0.0	0.0	0.01	0.01	0.036	0.0	0.0	0.0	0.015	0.0	0.0	0.0	0.0	0.0	0.0	0.0	0.0	
虚竹	0.073	1.0	0.002	0.034	0.001	0.025	0.034	0.004	0.013	0.064	0.027	0.098	0.024	0.192	0.023	0.0	0.002	0.15	0.036	0.08	0.074	0.024	0.029	0.0	0.045	0.007	0.02	0.01	0.031	0.218	0.0	0.156	0.003	0.0	0.0	0.012	0.0	0.0	0.0	0.003	0.0	0.0	0.057	0.0	0.003	0.003	0.0	0.0	0.007	0.046	0.011	0.004	0.0	0.0	0.0	0.0	0.049	0.008	0.057	0.004	0.147	0.0	0.08	0.053	0.0	0.0	0.0	0.0	0.116	0.0	0.005	0.086	0.082	0.046	0.0	0.0	0.017	0.0	0.0	0.0	0.029	0.017	0.006	0.0	0.0	0.0	0.0	0.126	0.0	0.0	0.0	0.0	0.0	0.007	0.0	0.054	0.0	0.0	0.007	0.114	0.007	0.007	0.0	0.0	0.0	0.0	0.016	0.017	0.0	0.0	0.0	0.0	0.073	0.064	0.086	0.077	0.0	0.0	0.0	0.051	0.0	0.011	0.0	0.023	0.023	0.0	0.046	0.0	0.0	0.0	0.0	0.0	0.0	0.027	0.0	0.0	0.0	0.0	0.0	0.035	0.0	0.0	0.0	0.0	0.0	0.0	0.0	0.0	0.0	0.0	0.0	
乔峰	0.03	0.002	1.0	0.009	0.21	0.024	0.037	0.008	0.0	0.005	0.017	0.01	0.03	0.046	0.0	0.072	0.032	0.002	0.007	0.07	0.056	0.0	0.0	0.0	0.0	0.017	0.0	0.052	0.006	0.0	0.148	0.0	0.149	0.114	0.01	0.021	0.0	0.141	0.0	0.0	0.0	0.0	0.1	0.069	0.0	0.004	0.0	0.17	0.0	0.0	0.132	0.0	0.0	0.146	0.0	0.0	0.0	0.0	0.005	0.0	0.0	0.03	0.0	0.0	0.0	0.0	0.103	0.0	0.0	0.0	0.093	0.0	0.0	0.006	0.0	0.0	0.019	0.0	0.0	0.0	0.0	0.074	0.007	0.007	0.0	0.0	0.101	0.0	0.0	0.0	0.022	0.0	0.0	0.0	0.008	0.0	0.0	0.056	0.0	0.008	0.0	0.0	0.0	0.081	0.054	0.072	0.0	0.019	0.0	0.0	0.0	0.0	0.0	0.0	0.0	0.0	0.0	0.046	0.0	0.0	0.0	0.0	0.013	0.0	0.0	0.053	0.0	0.0	0.0	0.031	0.062	0.0	0.0	0.0	0.069	0.0	0.0	0.017	0.0	0.0	0.06	0.04	0.0	0.0	0.0	0.0	0.0	0.0	0.035	0.035	0.0	
阿紫	0.036	0.034	0.009	1.0	0.068	0.006	0.013	0.046	0.019	0.0	0.358	0.118	0.002	0.019	0.048	0.023	0.0	0.008	0.008	0.005	0.008	0.032	0.023	0.006	0.0	0.003	0.057	0.0	0.0	0.003	0.0	0.0	0.0	0.055	0.0	0.0	0.108	0.0	0.031	0.0	0.0	0.0	0.0	0.0	0.0	0.0	0.0	0.004	0.03	0.0	0.0	0.0	0.004	0.0	0.051	0.0	0.0	0.02	0.0	0.0	0.0	0.135	0.011	0.005	0.006	0.0	0.0	0.157	0.0	0.0	0.024	0.018	0.0	0.0	0.006	0.0	0.0	0.0	0.0	0.0	0.0	0.007	0.028	0.015	0.0	0.0	0.0	0.0	0.0	0.0	0.0	0.0	0.023	0.0	0.0	0.0	0.0	0.008	0.008	0.017	0.0	0.0	0.103	0.0	0.0	0.0	0.0	0.0	0.0	0.0	0.0	0.0	0.0	0.0	0.012	0.0	0.0	0.0	0.0	0.0	0.0	0.0	0.0	0.0	0.0	0.0	0.0	0.0	0.015	0.0	0.0	0.0	0.016	0.0	0.0	0.0	0.0	0.0	0.0	0.0	0.0	0.0	0.0	0.0	0.0	0.0	0.0	0.0	0.0	0.0	0.0	
阿朱	0.091	0.001	0.21	0.068	1.0	0.083	0.021	0.05	0.007	0.047	0.008	0.01	0.076	0.063	0.006	0.126	0.34	0.0	0.005	0.011	0.027	0.003	0.003	0.0	0.003	0.003	0.0	0.028	0.006	0.0	0.063	0.0	0.051	0.007	0.007	0.004	0.042	0.055	0.008	0.0	0.0	0.0	0.02	0.049	0.029	0.0	0.025	0.076	0.004	0.0	0.031	0.0	0.0	0.06	0.005	0.024	0.0	0.005	0.0	0.02	0.0	0.0	0.0	0.0	0.0	0.034	0.046	0.0	0.0	0.0	0.006	0.0	0.0	0.0	0.0	0.0	0.007	0.0	0.0	0.0	0.0	0.0	0.007	0.0	0.0	0.0	0.008	0.0	0.0	0.031	0.032	0.0	0.008	0.0	0.0	0.0	0.0	0.009	0.0	0.0	0.0	0.0	0.0	0.01	0.057	0.0	0.0	0.0	0.021	0.0	0.0	0.0	0.0	0.0	0.0	0.0	0.0	0.0	0.0	0.0	0.074	0.0	0.0	0.0	0.0	0.014	0.0	0.0	0.0	0.017	0.0	0.0	0.0	0.0	0.0	0.0	0.0	0.019	0.0	0.0	0.0	0.0	0.0	0.0	0.0	0.0	0.0	0.0	0.0	0.0	0.0	
王语嫣	0.297	0.025	0.024	0.006	0.083	1.0	0.209	0.009	0.055	0.04	0.004	0.017	0.116	0.027	0.052	0.0	0.147	0.038	0.011	0.008	0.003	0.068	0.062	0.0	0.01	0.029	0.003	0.068	0.076	0.013	0.003	0.017	0.0	0.004	0.011	0.055	0.0	0.0	0.0	0.0	0.0	0.004	0.0	0.0	0.0	0.0	0.084	0.0	0.027	0.009	0.0	0.0	0.0	0.005	0.0	0.071	0.01	0.021	0.021	0.0	0.011	0.0	0.006	0.029	0.0	0.06	0.0	0.0	0.038	0.006	0.02	0.0	0.013	0.0	0.0	0.0	0.0	0.0	0.0	0.007	0.008	0.0	0.008	0.0	0.008	0.008	0.0	0.0	0.0	0.106	0.008	0.0	0.008	0.0	0.0	0.009	0.0	0.0	0.0	0.0	0.0	0.009	0.0	0.0	0.0	0.0	0.0	0.0	0.033	0.0	0.0	0.0	0.0	0.0	0.0	0.0	0.0	0.0	0.0	0.0	0.026	0.0	0.0	0.03	0.0	0.0	0.0	0.0	0.0	0.018	0.0	0.0	0.0	0.0	0.0	0.0	0.0	0.02	0.0	0.0	0.0	0.0	0.0	0.0	0.0	0.0	0.028	0.039	0.0	0.0	0.0	
慕容复	0.159	0.034	0.037	0.013	0.021	0.209	1.0	0.064	0.011	0.09	0.023	0.066	0.111	0.032	0.007	0.002	0.023	0.071	0.146	0.02	0.009	0.016	0.019	0.003	0.013	0.007	0.0	0.096	0.182	0.007	0.007	0.031	0.003	0.022	0.082	0.116	0.037	0.004	0.03	0.0	0.0	0.0	0.0	0.0	0.004	0.045	0.0	0.005	0.009	0.009	0.0	0.0	0.015	0.0	0.0	0.0	0.011	0.005	0.059	0.0	0.0	0.0	0.0	0.035	0.042	0.012	0.0	0.0	0.019	0.0	0.007	0.0	0.007	0.0	0.027	0.0	0.015	0.0	0.0	0.0	0.015	0.0	0.0	0.0	0.0	0.0	0.0	0.0	0.0	0.0	0.034	0.0	0.0	0.0	0.009	0.0	0.0	0.0	0.0	0.009	0.0	0.019	0.0	0.0	0.0	0.0	0.0	0.011	0.0	0.0	0.0	0.0	0.0	0.012	0.0	0.013	0.0	0.0	0.0	0.0	0.0	0.0	0.015	0.075	0.0	0.0	0.0	0.0	0.0	0.018	0.0	0.0	0.0	0.0	0.0	0.0	0.0	0.02	0.0	0.0	0.0	0.0	0.0	0.0	0.0	0.028	0.0	0.0	0.0	0.0	0.0	
段正淳	0.081	0.004	0.008	0.046	0.05	0.009	0.064	1.0	0.075	0.013	0.0	0.007	0.002	0.0	0.045	0.188	0.006	0.0	0.172	0.0	0.01	0.055	0.086	0.178	0.036	0.039	0.0	0.004	0.0	0.0	0.004	0.007	0.004	0.004	0.008	0.004	0.192	0.005	0.229	0.005	0.0	0.072	0.0	0.073	0.092	0.0	0.0	0.0	0.102	0.0	0.005	0.0	0.165	0.0	0.128	0.0	0.0	0.094	0.0	0.084	0.0	0.0	0.0	0.0	0.173	0.0	0.007	0.0	0.0	0.014	0.0	0.007	0.0	0.0	0.059	0.0	0.0	0.0	0.0	0.008	0.0	0.0	0.084	0.0	0.009	0.009	0.0	0.0	0.0	0.0	0.0	0.0	0.074	0.0	0.0	0.0	0.088	0.0	0.0	0.0	0.0	0.0	0.0	0.0	0.0	0.0	0.0	0.0	0.0	0.0	0.088	0.026	0.0	0.0	0.0	0.0	0.0	0.015	0.0	0.0	0.015	0.0	0.0	0.0	0.0	0.0	0.0	0.0	0.0	0.0	0.0	0.0	0.0	0.0	0.0	0.0	0.0	0.0	0.0	0.0	0.0	0.0	0.0	0.0	0.0	0.0	0.0	0.0	0.0	0.0	0.0	
木婉清	0.243	0.013	0.0	0.019	0.007	0.055	0.011	0.075	1.0	0.011	0.002	0.0	0.005	0.0	0.13	0.003	0.02	0.0	0.003	0.0	0.0	0.168	0.105	0.043	0.08	0.117	0.004	0.0	0.004	0.004	0.0	0.0	0.0	0.0	0.004	0.0	0.036	0.0	0.1	0.019	0.01	0.005	0.0	0.0	0.005	0.0	0.0	0.0	0.026	0.0	0.0	0.0	0.07	0.0	0.04	0.0	0.0	0.048	0.0	0.006	0.0	0.0	0.013	0.0	0.068	0.0	0.0	0.0	0.0	0.022	0.0	0.015	0.0	0.0	0.0	0.008	0.0	0.0	0.0	0.099	0.0	0.009	0.017	0.0	0.009	0.081	0.0	0.0	0.0	0.009	0.019	0.0	0.028	0.0	0.0	0.0	0.01	0.0	0.0	0.0	0.0	0.011	0.0	0.0	0.0	0.0	0.0	0.0	0.0	0.0	0.013	0.0	0.0	0.0	0.0	0.0	0.0	0.0	0.0	0.0	0.0	0.0	0.0	0.0	0.0	0.0	0.0	0.0	0.0	0.0	0.0	0.0	0.0	0.0	0.0	0.0	0.0	0.0	0.0	0.0	0.0	0.0	0.0	0.0	0.0	0.0	0.0	0.0	0.0	0.0	0.0	
鸠摩智	0.131	0.064	0.005	0.0	0.047	0.04	0.09	0.013	0.011	1.0	0.005	0.038	0.006	0.079	0.011	0.0	0.131	0.0	0.034	0.021	0.036	0.016	0.004	0.004	0.008	0.0	0.0	0.0	0.017	0.008	0.0	0.025	0.0	0.0	0.097	0.005	0.005	0.0	0.0	0.0	0.0	0.0	0.027	0.0	0.082	0.028	0.0	0.0	0.012	0.006	0.012	0.146	0.0	0.0	0.0	0.0	0.013	0.007	0.0	0.074	0.02	0.0	0.007	0.007	0.0	0.0	0.0	0.0	0.0	0.0	0.0	0.0	0.017	0.008	0.008	0.0	0.063	0.0	0.0	0.0	0.009	0.0	0.0	0.0	0.0	0.0	0.0	0.0	0.082	0.0	0.0	0.084	0.0	0.097	0.0	0.0	0.0	0.0	0.0	0.012	0.0	0.0	0.0	0.0	0.0	0.0	0.0	0.055	0.0	0.0	0.0	0.0	0.0	0.0	0.0	0.0	0.0	0.0	0.0	0.0	0.0	0.0	0.019	0.0	0.0	0.0	0.0	0.0	0.0	0.0	0.0	0.0	0.0	0.0	0.0	0.0	0.0	0.0	0.0	0.0	0.0	0.0	0.0	0.0	0.0	0.0	0.0	0.0	0.0	0.0	0.0	
游坦之	0.022	0.027	0.017	0.358	0.008	0.004	0.023	0.0	0.002	0.005	1.0	0.183	0.018	0.03	0.043	0.007	0.0	0.011	0.007	0.03	0.035	0.004	0.0	0.0	0.009	0.0	0.009	0.04	0.036	0.0	0.005	0.014	0.005	0.139	0.0	0.021	0.005	0.006	0.0	0.0	0.0	0.0	0.006	0.006	0.0	0.006	0.0	0.006	0.0	0.019	0.0	0.0	0.0	0.0	0.014	0.0	0.028	0.0	0.0	0.0	0.0	0.0	0.0	0.0	0.0	0.0	0.0	0.127	0.0	0.0	0.044	0.0	0.0	0.0	0.0	0.0	0.0	0.0	0.0	0.0	0.01	0.0	0.0	0.0	0.0	0.0	0.0	0.0	0.0	0.0	0.0	0.0	0.0	0.0	0.012	0.0	0.0	0.061	0.073	0.025	0.0	0.0	0.0	0.014	0.0	0.0	0.0	0.0	0.0	0.0	0.0	0.0	0.0	0.0	0.0	0.0	0.0	0.0	0.0	0.0	0.0	0.0	0.0	0.0	0.0	0.0	0.0	0.0	0.0	0.0	0.0	0.0	0.024	0.0	0.0	0.0	0.0	0.0	0.0	0.0	0.0	0.0	0.0	0.0	0.0	0.0	0.0	0.0	0.0	0.0	0.0	
丁春秋	0.017	0.098	0.01	0.118	0.01	0.017	0.066	0.007	0.0	0.038	0.183	1.0	0.047	0.06	0.0	0.0	0.0	0.011	0.042	0.164	0.037	0.004	0.004	0.0	0.009	0.0	0.0	0.051	0.085	0.024	0.0	0.201	0.0	0.047	0.005	0.05	0.017	0.0	0.0	0.0	0.0	0.0	0.006	0.0	0.0	0.0	0.006	0.0	0.007	0.151	0.007	0.0	0.0	0.0	0.007	0.0	0.097	0.0	0.008	0.0	0.046	0.024	0.016	0.008	0.0	0.0	0.0	0.0	0.0	0.0	0.0	0.0	0.038	0.066	0.0	0.0	0.01	0.0	0.0	0.0	0.075	0.0	0.0	0.011	0.0	0.0	0.0	0.0	0.0	0.0	0.0	0.0	0.0	0.0	0.0	0.0	0.0	0.0	0.179	0.092	0.067	0.0	0.0	0.0	0.0	0.0	0.03	0.0	0.0	0.0	0.0	0.0	0.0	0.0	0.0	0.0	0.0	0.0	0.0	0.0	0.0	0.039	0.0	0.0	0.021	0.0	0.0	0.0	0.0	0.0	0.0	0.0	0.025	0.0	0.0	0.0	0.0	0.0	0.0	0.0	0.0	0.0	0.0	0.0	0.0	0.0	0.0	0.0	0.0	0.0	0.0	
包不同	0.049	0.024	0.03	0.002	0.076	0.116	0.111	0.002	0.005	0.006	0.018	0.047	1.0	0.036	0.003	0.0	0.089	0.031	0.016	0.074	0.0	0.018	0.018	0.0	0.0	0.0	0.0	0.288	0.221	0.0	0.0	0.015	0.0	0.021	0.011	0.24	0.0	0.0	0.0	0.0	0.0	0.0	0.006	0.0	0.0	0.0	0.058	0.0	0.0	0.02	0.0	0.0	0.0	0.0	0.0	0.044	0.053	0.0	0.015	0.0	0.0	0.0	0.0	0.008	0.0	0.069	0.0	0.0	0.0	0.0	0.009	0.0	0.0	0.087	0.0	0.0	0.0	0.0	0.0	0.0	0.022	0.0	0.0	0.0	0.0	0.0	0.0	0.0	0.0	0.012	0.0	0.0	0.0	0.0	0.149	0.0	0.0	0.0	0.013	0.0	0.014	0.014	0.0	0.0	0.0	0.0	0.015	0.0	0.0	0.0	0.0	0.0	0.0	0.0	0.0	0.036	0.0	0.0	0.0	0.0	0.0	0.06	0.0	0.043	0.022	0.0	0.0	0.0	0.0	0.025	0.0	0.0	0.0	0.0	0.028	0.0	0.0	0.028	0.0	0.0	0.0	0.0	0.0	0.0	0.0	0.0	0.0	0.0	0.0	0.0	0.0	
和尚	0.061	0.192	0.046	0.019	0.063	0.027	0.032	0.0	0.0	0.079	0.03	0.06	0.036	1.0	0.003	0.014	0.063	0.07	0.012	0.037	0.029	0.009	0.0	0.0	0.019	0.009	0.0	0.014	0.005	0.063	0.024	0.025	0.02	0.0	0.005	0.0	0.0	0.018	0.0	0.0	0.0	0.05	0.013	0.006	0.032	0.013	0.0	0.013	0.0	0.034	0.027	0.041	0.0	0.014	0.0	0.0	0.023	0.0	0.038	0.031	0.047	0.0	0.017	0.033	0.0	0.0	0.018	0.0	0.009	0.0	0.0	0.009	0.029	0.067	0.01	0.0	0.0	0.0	0.0	0.0	0.011	0.0	0.0	0.0	0.0	0.0	0.0	0.083	0.024	0.012	0.0	0.024	0.0	0.037	0.0	0.013	0.013	0.0	0.118	0.013	0.014	0.014	0.029	0.0	0.221	0.0	0.0	0.016	0.0	0.0	0.016	0.0	0.0	0.0	0.018	0.0	0.0	0.0	0.0	0.0	0.0	0.0	0.0	0.0	0.0	0.0	0.0	0.0	0.0	0.0	0.0	0.0	0.0	0.0	0.0	0.0	0.0	0.0	0.0	0.0	0.0	0.0	0.0	0.0	0.0	0.0	0.0	0.0	0.0	0.0	0.0	
钟灵	0.217	0.023	0.0	0.048	0.006	0.052	0.007	0.045	0.13	0.011	0.043	0.0	0.003	0.003	1.0	0.0	0.022	0.0	0.004	0.0	0.0	0.068	0.105	0.164	0.028	0.114	0.0	0.0	0.0	0.005	0.0	0.0	0.0	0.0	0.005	0.0	0.012	0.0	0.012	0.0	0.231	0.025	0.0	0.0	0.019	0.0	0.0	0.0	0.04	0.0	0.0	0.0	0.042	0.0	0.015	0.0	0.0	0.093	0.0	0.0	0.0	0.0	0.008	0.008	0.07	0.0	0.0	0.0	0.0	0.057	0.01	0.01	0.01	0.0	0.0	0.0	0.0	0.0	0.0	0.021	0.0	0.011	0.011	0.0	0.012	0.012	0.0	0.0	0.0	0.0	0.0	0.0	0.012	0.0	0.0	0.013	0.0	0.0	0.0	0.0	0.0	0.0	0.0	0.0	0.0	0.0	0.0	0.0	0.0	0.0	0.0	0.017	0.0	0.0	0.073	0.0	0.0	0.0	0.0	0.0	0.0	0.0	0.0	0.0	0.0	0.0	0.0	0.0	0.0	0.0	0.0	0.0	0.0	0.0	0.0	0.0	0.0	0.0	0.066	0.0	0.0	0.0	0.081	0.0	0.0	0.0	0.0	0.0	0.0	0.0	0.0	
马夫人	0.003	0.0	0.072	0.023	0.126	0.0	0.002	0.188	0.003	0.0	0.007	0.0	0.0	0.014	0.0	1.0	0.0	0.0	0.0	0.0	0.005	0.0	0.0	0.0	0.0	0.0	0.0	0.0	0.0	0.0	0.059	0.0	0.162	0.024	0.0	0.0	0.058	0.047	0.027	0.0	0.0	0.0	0.0	0.209	0.0	0.0	0.0	0.036	0.0	0.0	0.0	0.0	0.008	0.039	0.008	0.0	0.0	0.0	0.0	0.0	0.0	0.0	0.0	0.0	0.0	0.0	0.02	0.0	0.0	0.0	0.01	0.0	0.0	0.0	0.0	0.0	0.0	0.0	0.0	0.0	0.0	0.012	0.012	0.0	0.0	0.0	0.0	0.0	0.0	0.0	0.0	0.0	0.0	0.0	0.0	0.0	0.0	0.0	0.0	0.0	0.0	0.0	0.0	0.0	0.0	0.0	0.0	0.0	0.0	0.0	0.0	0.0	0.0	0.0	0.0	0.0	0.0	0.0	0.0	0.0	0.0	0.0	0.0	0.0	0.0	0.0	0.0	0.0	0.0	0.0	0.0	0.0	0.0	0.0	0.0	0.0	0.0	0.0	0.0	0.0	0.0	0.0	0.0	0.0	0.0	0.0	0.0	0.0	0.0	0.0	0.0	
阿碧	0.174	0.002	0.032	0.0	0.34	0.147	0.023	0.006	0.02	0.131	0.0	0.0	0.089	0.063	0.022	0.0	1.0	0.0	0.004	0.0	0.0	0.015	0.01	0.0	0.0	0.0	0.0	0.054	0.005	0.0	0.006	0.0	0.0	0.0	0.012	0.007	0.007	0.0	0.007	0.0	0.0	0.0	0.0	0.0	0.115	0.0	0.0	0.0	0.023	0.0	0.008	0.0	0.008	0.008	0.0	0.008	0.009	0.0	0.0	0.116	0.0	0.0	0.009	0.0	0.01	0.01	0.0	0.0	0.0	0.0	0.0	0.0	0.022	0.0	0.0	0.0	0.0	0.0	0.0	0.0	0.0	0.0	0.0	0.0	0.0	0.0	0.0	0.0	0.0	0.041	0.0	0.0	0.0	0.0	0.0	0.0	0.0	0.0	0.0	0.0	0.0	0.0	0.0	0.0	0.0	0.0	0.0	0.0	0.0	0.0	0.0	0.0	0.0	0.0	0.0	0.0	0.0	0.0	0.0	0.0	0.173	0.0	0.0	0.0	0.0	0.0	0.0	0.0	0.0	0.029	0.0	0.0	0.0	0.0	0.0	0.0	0.0	0.032	0.0	0.0	0.0	0.0	0.0	0.0	0.0	0.0	0.0	0.0	0.0	0.0	0.0	
乌老大	0.037	0.15	0.002	0.008	0.0	0.038	0.071	0.0	0.0	0.0	0.011	0.011	0.031	0.07	0.0	0.0	0.0	1.0	0.0	0.0	0.0	0.0	0.0	0.0	0.0	0.0	0.0	0.006	0.023	0.023	0.0	0.006	0.0	0.0	0.0	0.0	0.0	0.0	0.0	0.0	0.0	0.0	0.0	0.0	0.0	0.0	0.0	0.0	0.0	0.0	0.0	0.0	0.0	0.0	0.0	0.0	0.0	0.0	0.278	0.0	0.029	0.0	0.0	0.17	0.0	0.0	0.0	0.0	0.0	0.0	0.0	0.0	0.0	0.0	0.0	0.0	0.0	0.0	0.0	0.0	0.0	0.0	0.0	0.0	0.0	0.0	0.0	0.0	0.0	0.0	0.0	0.0	0.0	0.0	0.0	0.0	0.0	0.0	0.0	0.016	0.0	0.0	0.0	0.0	0.0	0.0	0.0	0.0	0.0	0.0	0.0	0.0	0.0	0.0	0.0	0.043	0.0	0.0	0.0	0.0	0.0	0.0	0.0	0.0	0.0	0.0	0.0	0.0	0.0	0.0	0.0	0.0	0.0	0.031	0.0	0.0	0.0	0.0	0.0	0.0	0.0	0.0	0.0	0.0	0.0	0.0	0.0	0.0	0.0	0.0	0.0	
段延庆	0.077	0.036	0.007	0.008	0.005	0.011	0.146	0.172	0.003	0.034	0.007	0.042	0.016	0.012	0.004	0.0	0.004	0.0	1.0	0.035	0.0	0.055	0.033	0.011	0.057	0.091	0.0	0.034	0.035	0.0	0.0	0.042	0.0	0.0	0.007	0.014	0.05	0.0	0.022	0.0	0.0	0.046	0.0	0.0	0.031	0.0	0.0	0.0	0.113	0.008	0.0	0.008	0.042	0.0	0.115	0.0	0.018	0.093	0.0	0.019	0.01	0.0	0.01	0.0	0.032	0.0	0.0	0.0	0.0	0.045	0.0	0.0	0.0	0.0	0.082	0.0	0.0	0.0	0.0	0.0	0.0	0.0	0.067	0.0	0.0	0.0	0.0	0.0	0.014	0.0	0.059	0.015	0.044	0.015	0.0	0.0	0.0	0.0	0.0	0.0	0.0	0.0	0.0	0.0	0.0	0.0	0.0	0.0	0.0	0.0	0.0	0.0	0.0	0.0	0.0	0.0	0.0	0.023	0.0	0.0	0.023	0.0	0.0	0.0	0.0	0.0	0.0	0.0	0.0	0.0	0.0	0.0	0.0	0.0	0.0	0.0	0.0	0.0	0.0	0.0	0.0	0.0	0.0	0.0	0.0	0.0	0.0	0.0	0.0	0.0	0.0	
玄难	0.007	0.08	0.07	0.005	0.011	0.008	0.02	0.0	0.0	0.021	0.03	0.164	0.074	0.037	0.0	0.0	0.0	0.0	0.035	1.0	0.069	0.006	0.0	0.0	0.012	0.0	0.0	0.089	0.182	0.0	0.012	0.192	0.0	0.0	0.0	0.152	0.0	0.015	0.0	0.0	0.0	0.0	0.198	0.0	0.0	0.0	0.0	0.016	0.0	0.102	0.077	0.0	0.0	0.009	0.0	0.0	0.125	0.0	0.0	0.0	0.01	0.0	0.0	0.01	0.0	0.0	0.0	0.0	0.0	0.0	0.0	0.0	0.0	0.279	0.0	0.0	0.013	0.0	0.0	0.0	0.111	0.0	0.0	0.0	0.0	0.0	0.015	0.0	0.0	0.0	0.0	0.0	0.0	0.0	0.0	0.0	0.0	0.016	0.066	0.135	0.035	0.0	0.0	0.019	0.0	0.0	0.058	0.0	0.0	0.0	0.0	0.0	0.0	0.0	0.0	0.0	0.0	0.0	0.0	0.0	0.0	0.0	0.0	0.0	0.0	0.0	0.0	0.0	0.0	0.0	0.0	0.0	0.0	0.0	0.0	0.0	0.0	0.0	0.0	0.0	0.0	0.0	0.0	0.0	0.0	0.0	0.0	0.0	0.0	0.0	0.0	
玄慈	0.006	0.074	0.056	0.008	0.027	0.003	0.009	0.01	0.0	0.036	0.035	0.037	0.0	0.029	0.0	0.005	0.0	0.0	0.0	0.069	1.0	0.006	0.006	0.0	0.061	0.0	0.0	0.0	0.0	0.006	0.006	0.006	0.006	0.021	0.056	0.0	0.0	0.0	0.0	0.0	0.0	0.008	0.204	0.008	0.0	0.058	0.0	0.008	0.009	0.009	0.132	0.0	0.0	0.0	0.0	0.0	0.01	0.01	0.0	0.0	0.0	0.0	0.0	0.0	0.0	0.0	0.035	0.0	0.0	0.0	0.0	0.0	0.012	0.025	0.0	0.0	0.094	0.0	0.0	0.0	0.0	0.0	0.0	0.0	0.0	0.0	0.0	0.0	0.0	0.0	0.0	0.0	0.0	0.0	0.0	0.017	0.033	0.0	0.0	0.017	0.0	0.0	0.0	0.0	0.019	0.0	0.0	0.123	0.0	0.0	0.043	0.0	0.0	0.0	0.0	0.0	0.0	0.0	0.0	0.0	0.0	0.0	0.056	0.0	0.0	0.0	0.0	0.0	0.0	0.0	0.0	0.0	0.0	0.0	0.0	0.0	0.0	0.0	0.0	0.0	0.0	0.0	0.0	0.0	0.0	0.0	0.0	0.0	0.0	0.0	0.0	
朱丹臣	0.158	0.024	0.0	0.032	0.003	0.068	0.016	0.055	0.168	0.016	0.004	0.004	0.018	0.009	0.068	0.0	0.015	0.0	0.055	0.006	0.006	1.0	0.381	0.006	0.052	0.078	0.0	0.02	0.02	0.007	0.0	0.014	0.0	0.022	0.0	0.016	0.049	0.0	0.025	0.008	0.0	0.009	0.0	0.0	0.0	0.0	0.0	0.0	0.148	0.009	0.0	0.0	0.019	0.0	0.182	0.0	0.011	0.128	0.0	0.0	0.0	0.0	0.011	0.0	0.024	0.0	0.0	0.0	0.0	0.0	0.0	0.0	0.0	0.0	0.013	0.0	0.0	0.0	0.0	0.0	0.0	0.015	0.137	0.0	0.016	0.0	0.0	0.0	0.0	0.0	0.0	0.0	0.235	0.0	0.0	0.0	0.0	0.0	0.0	0.0	0.0	0.038	0.0	0.0	0.0	0.0	0.0	0.0	0.0	0.0	0.0	0.024	0.0	0.0	0.0	0.0	0.105	0.0	0.0	0.0	0.026	0.0	0.0	0.0	0.0	0.0	0.0	0.0	0.0	0.0	0.0	0.0	0.0	0.0	0.0	0.0	0.0	0.0	0.0	0.0	0.0	0.0	0.0	0.0	0.0	0.0	0.0	0.0	0.0	0.0	0.0	
巴天石	0.119	0.029	0.0	0.023	0.003	0.062	0.019	0.086	0.105	0.004	0.0	0.004	0.018	0.0	0.105	0.0	0.01	0.0	0.033	0.0	0.006	0.381	1.0	0.052	0.013	0.052	0.007	0.013	0.027	0.007	0.0	0.0	0.0	0.0	0.0	0.008	0.041	0.0	0.034	0.009	0.0	0.035	0.0	0.0	0.018	0.0	0.0	0.0	0.297	0.0	0.0	0.0	0.058	0.0	0.071	0.0	0.0	0.331	0.0	0.011	0.0	0.011	0.046	0.0	0.048	0.0	0.0	0.0	0.0	0.0	0.0	0.013	0.027	0.0	0.013	0.0	0.0	0.0	0.0	0.0	0.0	0.015	0.061	0.0	0.049	0.0	0.0	0.0	0.0	0.0	0.0	0.0	0.051	0.0	0.0	0.018	0.0	0.0	0.0	0.0	0.0	0.058	0.0	0.0	0.0	0.0	0.0	0.0	0.0	0.0	0.0	0.024	0.0	0.0	0.0	0.0	0.079	0.0	0.0	0.0	0.026	0.0	0.0	0.0	0.0	0.0	0.0	0.0	0.0	0.0	0.0	0.0	0.0	0.0	0.0	0.0	0.0	0.0	0.0	0.0	0.0	0.0	0.0	0.0	0.0	0.0	0.0	0.0	0.0	0.0	0.0	
钟万仇	0.08	0.0	0.0	0.006	0.0	0.0	0.003	0.178	0.043	0.004	0.0	0.0	0.0	0.0	0.164	0.0	0.0	0.0	0.011	0.0	0.0	0.006	0.052	1.0	0.087	0.155	0.0	0.0	0.0	0.0	0.0	0.0	0.0	0.0	0.0	0.0	0.008	0.0	0.079	0.018	0.027	0.054	0.0	0.0	0.064	0.0	0.0	0.0	0.019	0.0	0.0	0.01	0.13	0.0	0.052	0.0	0.0	0.055	0.0	0.0	0.0	0.0	0.0	0.0	0.174	0.0	0.0	0.0	0.0	0.013	0.0	0.0	0.0	0.0	0.041	0.0	0.0	0.0	0.0	0.03	0.0	0.0	0.031	0.0	0.033	0.033	0.0	0.0	0.017	0.0	0.0	0.017	0.052	0.018	0.0	0.0	0.0	0.0	0.0	0.0	0.0	0.0	0.0	0.0	0.0	0.0	0.0	0.0	0.0	0.0	0.0	0.049	0.0	0.0	0.0	0.0	0.0	0.0	0.0	0.0	0.0	0.0	0.0	0.0	0.0	0.0	0.0	0.0	0.0	0.0	0.0	0.0	0.0	0.0	0.0	0.0	0.0	0.0	0.0	0.0	0.0	0.0	0.0	0.0	0.0	0.0	0.0	0.0	0.0	0.0	0.0	
叶二娘	0.05	0.045	0.0	0.0	0.003	0.01	0.013	0.036	0.08	0.008	0.009	0.009	0.0	0.019	0.028	0.0	0.0	0.0	0.057	0.012	0.061	0.052	0.013	0.087	1.0	0.23	0.0	0.0	0.014	0.0	0.0	0.014	0.0	0.0	0.008	0.0	0.008	0.0	0.018	0.15	0.0	0.063	0.018	0.0	0.036	0.037	0.0	0.0	0.029	0.01	0.01	0.01	0.0	0.0	0.063	0.0	0.022	0.022	0.0	0.0	0.0	0.0	0.0	0.0	0.012	0.0	0.0	0.0	0.0	0.04	0.0	0.0	0.0	0.0	0.014	0.0	0.0	0.0	0.0	0.015	0.0	0.0	0.063	0.0	0.017	0.017	0.0	0.0	0.017	0.0	0.017	0.017	0.052	0.018	0.0	0.0	0.0	0.0	0.0	0.0	0.0	0.0	0.0	0.0	0.0	0.0	0.0	0.0	0.023	0.0	0.0	0.0	0.0	0.0	0.0	0.0	0.0	0.0	0.0	0.0	0.0	0.0	0.0	0.0	0.0	0.0	0.0	0.0	0.0	0.0	0.0	0.0	0.0	0.0	0.0	0.0	0.0	0.0	0.0	0.0	0.0	0.0	0.0	0.0	0.0	0.0	0.0	0.0	0.0	0.0	0.0	
云中鹤	0.062	0.007	0.017	0.003	0.003	0.029	0.007	0.039	0.117	0.0	0.0	0.0	0.0	0.009	0.114	0.0	0.0	0.0	0.091	0.0	0.0	0.078	0.052	0.155	0.23	1.0	0.0	0.0	0.007	0.0	0.0	0.007	0.007	0.0	0.008	0.008	0.008	0.0	0.027	0.036	0.0	0.063	0.0	0.0	0.046	0.0	0.0	0.0	0.029	0.0	0.0	0.01	0.02	0.0	0.042	0.0	0.0	0.033	0.0	0.023	0.0	0.012	0.0	0.0	0.05	0.0	0.0	0.0	0.0	0.081	0.041	0.0	0.0	0.0	0.014	0.0	0.0	0.0	0.0	0.015	0.0	0.0	0.095	0.0	0.0	0.017	0.0	0.0	0.017	0.0	0.07	0.018	0.053	0.018	0.0	0.0	0.0	0.0	0.0	0.0	0.0	0.0	0.0	0.0	0.0	0.0	0.0	0.0	0.046	0.0	0.0	0.0	0.0	0.0	0.0	0.0	0.0	0.137	0.0	0.0	0.0	0.0	0.0	0.0	0.0	0.0	0.0	0.0	0.0	0.0	0.0	0.0	0.0	0.0	0.0	0.0	0.0	0.0	0.0	0.0	0.0	0.0	0.0	0.0	0.0	0.0	0.0	0.0	0.0	0.0	0.0	
耶律洪基	0.012	0.02	0.0	0.057	0.0	0.003	0.0	0.0	0.004	0.0	0.009	0.0	0.0	0.0	0.0	0.0	0.0	0.0	0.0	0.0	0.0	0.0	0.007	0.0	0.0	0.0	1.0	0.0	0.0	0.0	0.0	0.0	0.0	0.0	0.0	0.0	0.0	0.0	0.0	0.0	0.0	0.0	0.0	0.0	0.0	0.0	0.0	0.0	0.01	0.0	0.0	0.0	0.0	0.0	0.0	0.0	0.0	0.0	0.0	0.0	0.0	0.0	0.0	0.0	0.0	0.0	0.0	0.027	0.0	0.0	0.0	0.0	0.0	0.0	0.0	0.0	0.0	0.03	0.0	0.0	0.0	0.0	0.0	0.0	0.0	0.0	0.0	0.0	0.0	0.0	0.0	0.0	0.0	0.0	0.0	0.0	0.0	0.0	0.0	0.0	0.0	0.0	0.107	0.0	0.0	0.0	0.0	0.0	0.0	0.0	0.0	0.0	0.0	0.0	0.0	0.0	0.0	0.0	0.0	0.0	0.0	0.0	0.0	0.0	0.0	0.0	0.0	0.0	0.0	0.0	0.0	0.0	0.0	0.0	0.0	0.124	0.0	0.0	0.0	0.0	0.0	0.0	0.0	0.059	0.0	0.0	0.0	0.0	0.0	0.0	0.0	
风波恶	0.023	0.01	0.052	0.0	0.028	0.068	0.096	0.004	0.0	0.0	0.04	0.051	0.288	0.014	0.0	0.0	0.054	0.006	0.034	0.089	0.0	0.02	0.013	0.0	0.0	0.0	0.0	1.0	0.274	0.0	0.0	0.021	0.0	0.008	0.0	0.334	0.0	0.0	0.0	0.0	0.0	0.0	0.009	0.0	0.0	0.0	0.0	0.0	0.01	0.02	0.0	0.0	0.0	0.0	0.0	0.0	0.011	0.0	0.0	0.0	0.0	0.0	0.0	0.0	0.0	0.0	0.0	0.0	0.0	0.0	0.0	0.0	0.0	0.084	0.0	0.0	0.0	0.0	0.0	0.0	0.016	0.0	0.0	0.0	0.0	0.0	0.0	0.0	0.0	0.0	0.0	0.0	0.0	0.0	0.036	0.0	0.0	0.0	0.038	0.0	0.02	0.0	0.0	0.0	0.0	0.0	0.044	0.0	0.0	0.0	0.0	0.0	0.0	0.0	0.0	0.0	0.0	0.0	0.0	0.0	0.0	0.0	0.0	0.0	0.0	0.0	0.0	0.0	0.0	0.037	0.0	0.0	0.0	0.0	0.083	0.0	0.0	0.042	0.0	0.0	0.0	0.0	0.0	0.0	0.0	0.0	0.0	0.0	0.0	0.0	0.0	
邓百川	0.034	0.031	0.006	0.0	0.006	0.076	0.182	0.0	0.004	0.017	0.036	0.085	0.221	0.005	0.0	0.0	0.005	0.023	0.035	0.182	0.0	0.02	0.027	0.0	0.014	0.007	0.0	0.274	1.0	0.0	0.0	0.022	0.0	0.0	0.0	0.442	0.0	0.0	0.0	0.0	0.0	0.0	0.009	0.0	0.0	0.0	0.0	0.0	0.02	0.07	0.01	0.0	0.0	0.0	0.0	0.0	0.09	0.0	0.034	0.0	0.0	0.0	0.0	0.0	0.0	0.0	0.0	0.0	0.014	0.0	0.0	0.0	0.0	0.143	0.0	0.0	0.0	0.0	0.0	0.0	0.033	0.0	0.0	0.0	0.0	0.0	0.0	0.0	0.0	0.0	0.0	0.0	0.0	0.0	0.055	0.0	0.0	0.0	0.019	0.04	0.02	0.0	0.0	0.0	0.0	0.0	0.023	0.0	0.0	0.0	0.0	0.0	0.0	0.025	0.0	0.0	0.0	0.0	0.0	0.0	0.0	0.03	0.0	0.064	0.0	0.0	0.0	0.0	0.0	0.0	0.0	0.0	0.0	0.0	0.0	0.0	0.0	0.0	0.0	0.0	0.0	0.0	0.0	0.0	0.0	0.0	0.0	0.0	0.0	0.0	0.0	
李秋水	0.012	0.218	0.0	0.003	0.0	0.013	0.007	0.0	0.004	0.008	0.0	0.024	0.0	0.063	0.005	0.0	0.0	0.023	0.0	0.0	0.006	0.007	0.007	0.0	0.0	0.0	0.0	0.0	0.0	1.0	0.0	0.007	0.0	0.0	0.008	0.0	0.0	0.0	0.0	0.0	0.0	0.0	0.0	0.0	0.0	0.0	0.0	0.0	0.01	0.0	0.0	0.0	0.0	0.0	0.0	0.0	0.0	0.011	0.0	0.0	0.223	0.0	0.012	0.025	0.0	0.0	0.0	0.0	0.0	0.0	0.0	0.014	0.029	0.0	0.0	0.0	0.0	0.0	0.0	0.0	0.0	0.0	0.016	0.0	0.0	0.0	0.0	0.0	0.0	0.0	0.0	0.0	0.0	0.0	0.0	0.038	0.0	0.0	0.0	0.0	0.0	0.0	0.0	0.0	0.0	0.0	0.0	0.0	0.0	0.0	0.0	0.0	0.026	0.0	0.027	0.0	0.0	0.0	0.0	0.0	0.0	0.0	0.0	0.032	0.0	0.0	0.0	0.0	0.0	0.0	0.0	0.0	0.0	0.0	0.0	0.0	0.0	0.0	0.0	0.0	0.0	0.0	0.0	0.0	0.0	0.0	0.0	0.0	0.0	0.0	0.0	
赵钱孙	0.004	0.0	0.148	0.0	0.063	0.003	0.007	0.004	0.0	0.0	0.005	0.0	0.0	0.024	0.0	0.059	0.006	0.0	0.0	0.012	0.006	0.0	0.0	0.0	0.0	0.0	0.0	0.0	0.0	0.0	1.0	0.0	0.184	0.008	0.0	0.0	0.009	0.474	0.0	0.0	0.0	0.0	0.028	0.009	0.0	0.0	0.0	0.37	0.0	0.0	0.02	0.0	0.0	0.254	0.0	0.0	0.0	0.0	0.0	0.0	0.0	0.0	0.0	0.0	0.0	0.0	0.093	0.0	0.0	0.0	0.014	0.0	0.0	0.0	0.0	0.0	0.0	0.0	0.0	0.0	0.0	0.0	0.0	0.0	0.0	0.0	0.0	0.0	0.0	0.0	0.0	0.0	0.0	0.0	0.0	0.0	0.0	0.0	0.0	0.0	0.0	0.0	0.0	0.0	0.0	0.0	0.0	0.0	0.0	0.0	0.0	0.0	0.0	0.0	0.0	0.0	0.0	0.0	0.0	0.0	0.0	0.0	0.0	0.0	0.0	0.097	0.0	0.0	0.0	0.0	0.0	0.0	0.0	0.0	0.0	0.0	0.0	0.0	0.0	0.0	0.0	0.049	0.0	0.0	0.0	0.0	0.0	0.0	0.0	0.0	0.0	
苏星河	0.018	0.156	0.0	0.0	0.0	0.017	0.031	0.007	0.0	0.025	0.014	0.201	0.015	0.025	0.0	0.0	0.0	0.006	0.042	0.192	0.006	0.014	0.0	0.0	0.014	0.007	0.0	0.021	0.022	0.007	0.0	1.0	0.0	0.008	0.0	0.017	0.0	0.0	0.0	0.0	0.0	0.0	0.0	0.0	0.0	0.0	0.0	0.0	0.0	0.071	0.0	0.0	0.0	0.0	0.0	0.0	0.081	0.0	0.012	0.0	0.048	0.0	0.0	0.0	0.0	0.0	0.0	0.0	0.0	0.0	0.0	0.0	0.0	0.0	0.0	0.0	0.0	0.0	0.0	0.0	0.099	0.0	0.0	0.0	0.0	0.0	0.0	0.0	0.0	0.0	0.0	0.0	0.0	0.0	0.0	0.0	0.0	0.0	0.0	0.061	0.021	0.0	0.0	0.0	0.0	0.0	0.023	0.0	0.0	0.0	0.0	0.0	0.0	0.0	0.0	0.0	0.0	0.0	0.0	0.0	0.0	0.03	0.0	0.0	0.033	0.0	0.0	0.0	0.0	0.0	0.0	0.0	0.0	0.0	0.0	0.0	0.0	0.0	0.0	0.0	0.0	0.0	0.0	0.0	0.0	0.0	0.0	0.0	0.0	0.0	0.0	
徐长老	0.002	0.003	0.149	0.0	0.051	0.0	0.003	0.004	0.0	0.0	0.005	0.0	0.0	0.02	0.0	0.162	0.0	0.0	0.0	0.0	0.006	0.0	0.0	0.0	0.0	0.007	0.0	0.0	0.0	0.0	0.184	0.0	1.0	0.008	0.0	0.0	0.0	0.165	0.0	0.0	0.0	0.0	0.038	0.115	0.0	0.0	0.0	0.118	0.0	0.0	0.01	0.0	0.0	0.16	0.0	0.0	0.0	0.0	0.0	0.0	0.0	0.0	0.0	0.0	0.0	0.0	0.148	0.0	0.0	0.0	0.1	0.0	0.0	0.0	0.0	0.0	0.016	0.0	0.0	0.0	0.0	0.017	0.0	0.0	0.0	0.0	0.0	0.0	0.0	0.0	0.0	0.0	0.0	0.0	0.019	0.0	0.0	0.0	0.0	0.0	0.0	0.0	0.0	0.044	0.0	0.022	0.0	0.0	0.072	0.0	0.0	0.0	0.0	0.0	0.0	0.0	0.0	0.0	0.0	0.0	0.0	0.0	0.033	0.0	0.0	0.0	0.0	0.0	0.0	0.0	0.0	0.0	0.0	0.0	0.0	0.0	0.0	0.0	0.0	0.0	0.0	0.05	0.0	0.0	0.0	0.0	0.0	0.0	0.0	0.0	0.0	
全冠清	0.023	0.0	0.114	0.055	0.007	0.004	0.022	0.004	0.0	0.0	0.139	0.047	0.021	0.0	0.0	0.024	0.0	0.0	0.0	0.0	0.021	0.022	0.0	0.0	0.0	0.0	0.0	0.008	0.0	0.0	0.008	0.008	0.008	1.0	0.009	0.009	0.0	0.0	0.0	0.0	0.0	0.0	0.01	0.052	0.0	0.021	0.0	0.011	0.0	0.0	0.0	0.0	0.0	0.0	0.0	0.0	0.0	0.0	0.0	0.0	0.0	0.0	0.0	0.0	0.0	0.0	0.0	0.0	0.0	0.0	0.062	0.0	0.0	0.0	0.0	0.0	0.0	0.0	0.0	0.0	0.0	0.054	0.018	0.0	0.0	0.0	0.0	0.0	0.0	0.0	0.0	0.0	0.02	0.0	0.041	0.0	0.0	0.0	0.0	0.0	0.0	0.0	0.0	0.0	0.0	0.048	0.0	0.0	0.0	0.0	0.0	0.0	0.0	0.0	0.0	0.0	0.0	0.0	0.0	0.0	0.0	0.0	0.0	0.0	0.0	0.0	0.0	0.0	0.0	0.042	0.168	0.0	0.126	0.0	0.0	0.0	0.0	0.0	0.0	0.0	0.0	0.0	0.0	0.0	0.0	0.0	0.0	0.0	0.0	0.0	0.0	
慕容博	0.016	0.0	0.01	0.0	0.007	0.011	0.082	0.008	0.004	0.097	0.0	0.005	0.011	0.005	0.005	0.0	0.012	0.0	0.007	0.0	0.056	0.0	0.0	0.0	0.008	0.008	0.0	0.0	0.0	0.008	0.0	0.0	0.0	0.009	1.0	0.0	0.0	0.0	0.0	0.0	0.0	0.01	0.0	0.0	0.052	0.328	0.011	0.0	0.011	0.0	0.011	0.011	0.0	0.0	0.0	0.0	0.0	0.0	0.0	0.026	0.013	0.0	0.0	0.0	0.0	0.029	0.0	0.0	0.0	0.0	0.016	0.0	0.0	0.0	0.0	0.0	0.034	0.0	0.0	0.0	0.0	0.0	0.0	0.0	0.0	0.0	0.0	0.0	0.0	0.0	0.0	0.0	0.0	0.021	0.0	0.0	0.0	0.0	0.0	0.0	0.0	0.0	0.0	0.0	0.0	0.0	0.0	0.0	0.0	0.0	0.027	0.0	0.0	0.0	0.0	0.0	0.0	0.0	0.0	0.0	0.0	0.0	0.036	0.0	0.0	0.0	0.0	0.0	0.0	0.0	0.0	0.0	0.0	0.0	0.0	0.0	0.0	0.0	0.0	0.0	0.0	0.0	0.0	0.0	0.0	0.067	0.0	0.0	0.0	0.0	0.0	
公冶乾	0.019	0.012	0.021	0.0	0.004	0.055	0.116	0.004	0.0	0.005	0.021	0.05	0.24	0.0	0.0	0.0	0.007	0.0	0.014	0.152	0.0	0.016	0.008	0.0	0.0	0.008	0.0	0.334	0.442	0.0	0.0	0.017	0.0	0.009	0.0	1.0	0.0	0.0	0.0	0.0	0.0	0.0	0.011	0.0	0.0	0.0	0.0	0.0	0.012	0.024	0.024	0.0	0.0	0.0	0.0	0.0	0.04	0.0	0.0	0.0	0.0	0.0	0.0	0.0	0.0	0.0	0.0	0.0	0.0	0.0	0.017	0.0	0.0	0.136	0.0	0.0	0.0	0.0	0.0	0.0	0.039	0.019	0.0	0.0	0.0	0.0	0.0	0.0	0.0	0.0	0.0	0.0	0.0	0.0	0.066	0.0	0.0	0.0	0.0	0.047	0.0	0.0	0.0	0.0	0.0	0.0	0.027	0.0	0.0	0.0	0.0	0.0	0.0	0.0	0.0	0.0	0.0	0.0	0.0	0.0	0.0	0.0	0.0	0.038	0.0	0.0	0.0	0.0	0.0	0.0	0.0	0.0	0.0	0.0	0.05	0.0	0.0	0.0	0.0	0.0	0.0	0.0	0.0	0.0	0.0	0.0	0.0	0.0	0.0	0.0	0.0	
阮星竹	0.024	0.0	0.0	0.108	0.042	0.0	0.037	0.192	0.036	0.005	0.005	0.017	0.0	0.0	0.012	0.058	0.007	0.0	0.05	0.0	0.0	0.049	0.041	0.008	0.008	0.008	0.0	0.0	0.0	0.0	0.009	0.0	0.0	0.0	0.0	0.0	1.0	0.011	0.396	0.0	0.0	0.0	0.0	0.023	0.011	0.0	0.0	0.0	0.096	0.0	0.0	0.0	0.088	0.0	0.026	0.0	0.0	0.069	0.0	0.014	0.0	0.0	0.0	0.0	0.188	0.0	0.0	0.0	0.0	0.0	0.0	0.0	0.0	0.0	0.0	0.0	0.0	0.0	0.0	0.0	0.0	0.0	0.059	0.0	0.0	0.0	0.0	0.0	0.0	0.0	0.0	0.0	0.044	0.0	0.0	0.0	0.0	0.0	0.0	0.0	0.0	0.0	0.0	0.0	0.0	0.0	0.0	0.0	0.0	0.0	0.0	0.0	0.0	0.0	0.0	0.0	0.0	0.0	0.0	0.0	0.034	0.0	0.0	0.0	0.0	0.0	0.0	0.0	0.0	0.0	0.0	0.0	0.0	0.0	0.0	0.0	0.0	0.0	0.0	0.0	0.0	0.0	0.0	0.0	0.0	0.0	0.0	0.0	0.0	0.0	0.0	
谭婆	0.007	0.0	0.141	0.0	0.055	0.0	0.004	0.005	0.0	0.0	0.006	0.0	0.0	0.018	0.0	0.047	0.0	0.0	0.0	0.015	0.0	0.0	0.0	0.0	0.0	0.0	0.0	0.0	0.0	0.0	0.474	0.0	0.165	0.0	0.0	0.0	0.011	1.0	0.0	0.0	0.0	0.0	0.035	0.012	0.0	0.0	0.0	0.583	0.0	0.0	0.013	0.0	0.0	0.132	0.0	0.0	0.0	0.0	0.0	0.0	0.0	0.0	0.0	0.0	0.0	0.0	0.033	0.0	0.0	0.0	0.0	0.0	0.0	0.0	0.0	0.0	0.0	0.0	0.0	0.0	0.0	0.0	0.0	0.0	0.0	0.0	0.0	0.0	0.0	0.0	0.0	0.0	0.0	0.0	0.0	0.0	0.0	0.0	0.0	0.0	0.0	0.0	0.0	0.0	0.0	0.0	0.0	0.0	0.0	0.0	0.0	0.0	0.0	0.0	0.0	0.0	0.0	0.0	0.0	0.0	0.0	0.0	0.0	0.0	0.0	0.0	0.0	0.0	0.0	0.0	0.0	0.0	0.0	0.0	0.0	0.0	0.0	0.0	0.0	0.0	0.0	0.0	0.0	0.0	0.0	0.0	0.0	0.0	0.0	0.0	0.0	
秦红棉	0.027	0.0	0.0	0.031	0.008	0.0	0.03	0.229	0.1	0.0	0.0	0.0	0.0	0.0	0.012	0.027	0.007	0.0	0.022	0.0	0.0	0.025	0.034	0.079	0.018	0.027	0.0	0.0	0.0	0.0	0.0	0.0	0.0	0.0	0.0	0.0	0.396	0.0	1.0	0.0	0.0	0.0	0.0	0.012	0.024	0.0	0.0	0.0	0.038	0.0	0.0	0.0	0.288	0.0	0.027	0.0	0.0	0.029	0.0	0.029	0.0	0.0	0.0	0.0	0.229	0.0	0.0	0.0	0.0	0.0	0.0	0.0	0.0	0.0	0.018	0.0	0.0	0.0	0.0	0.02	0.0	0.0	0.041	0.0	0.0	0.022	0.0	0.0	0.0	0.0	0.0	0.0	0.046	0.0	0.0	0.0	0.024	0.0	0.0	0.0	0.0	0.0	0.0	0.0	0.0	0.0	0.0	0.0	0.0	0.0	0.031	0.0	0.0	0.0	0.0	0.0	0.0	0.0	0.0	0.0	0.036	0.0	0.0	0.0	0.0	0.0	0.0	0.0	0.0	0.0	0.0	0.0	0.0	0.0	0.0	0.0	0.0	0.0	0.0	0.0	0.0	0.0	0.0	0.0	0.0	0.0	0.0	0.0	0.0	0.0	0.0	
左子穆	0.043	0.003	0.0	0.0	0.0	0.0	0.0	0.005	0.019	0.0	0.0	0.0	0.0	0.0	0.0	0.0	0.0	0.0	0.0	0.0	0.0	0.008	0.009	0.018	0.15	0.036	0.0	0.0	0.0	0.0	0.0	0.0	0.0	0.0	0.0	0.0	0.0	0.0	0.0	1.0	0.07	0.012	0.0	0.0	0.0	0.0	0.0	0.0	0.0	0.0	0.0	0.0	0.0	0.0	0.028	0.0	0.0	0.0	0.0	0.0	0.0	0.0	0.016	0.016	0.016	0.0	0.0	0.0	0.017	0.018	0.0	0.0	0.0	0.0	0.0	0.018	0.0	0.0	0.2	0.02	0.0	0.0	0.042	0.0	0.33	0.022	0.0	0.0	0.0	0.0	0.0	0.0	0.023	0.0	0.0	0.0	0.0	0.0	0.0	0.0	0.0	0.0	0.0	0.0	0.0	0.0	0.0	0.0	0.0	0.0	0.0	0.13	0.0	0.0	0.0	0.0	0.0	0.0	0.0	0.0	0.0	0.0	0.0	0.0	0.0	0.0	0.0	0.0	0.0	0.0	0.0	0.145	0.0	0.0	0.0	0.0	0.0	0.0	0.0	0.0	0.0	0.0	0.0	0.0	0.0	0.0	0.0	0.0	0.0	0.0	0.0	
司空玄	0.091	0.0	0.0	0.0	0.0	0.0	0.0	0.0	0.01	0.0	0.0	0.0	0.0	0.0	0.231	0.0	0.0	0.0	0.0	0.0	0.0	0.0	0.0	0.027	0.0	0.0	0.0	0.0	0.0	0.0	0.0	0.0	0.0	0.0	0.0	0.0	0.0	0.0	0.0	0.07	1.0	0.0	0.0	0.0	0.0	0.0	0.0	0.0	0.0	0.0	0.0	0.0	0.0	0.0	0.0	0.0	0.0	0.0	0.0	0.0	0.0	0.0	0.0	0.095	0.05	0.0	0.0	0.0	0.0	0.018	0.0	0.0	0.0	0.0	0.0	0.019	0.0	0.0	0.0	0.02	0.0	0.0	0.0	0.0	0.089	0.022	0.0	0.0	0.0	0.0	0.0	0.0	0.0	0.0	0.0	0.0	0.0	0.0	0.0	0.0	0.0	0.0	0.0	0.0	0.0	0.0	0.0	0.0	0.0	0.0	0.0	0.0	0.0	0.0	0.0	0.0	0.0	0.0	0.0	0.0	0.0	0.0	0.0	0.0	0.0	0.0	0.0	0.044	0.0	0.0	0.0	0.0	0.0	0.0	0.0	0.0	0.0	0.0	0.188	0.0	0.0	0.0	0.153	0.0	0.0	0.0	0.0	0.0	0.0	0.0	0.0	
黄眉	0.064	0.0	0.0	0.0	0.0	0.004	0.0	0.072	0.005	0.0	0.0	0.0	0.0	0.05	0.025	0.0	0.0	0.0	0.046	0.0	0.008	0.009	0.035	0.054	0.063	0.063	0.0	0.0	0.0	0.0	0.0	0.0	0.0	0.0	0.01	0.0	0.0	0.0	0.0	0.012	0.0	1.0	0.0	0.0	0.146	0.0	0.0	0.0	0.013	0.0	0.0	0.013	0.027	0.0	0.028	0.0	0.0	0.03	0.0	0.06	0.0	0.0	0.0	0.0	0.0	0.0	0.0	0.0	0.0	0.018	0.0	0.0	0.0	0.0	0.074	0.0	0.0	0.0	0.0	0.0	0.0	0.0	0.0	0.0	0.022	0.0	0.0	0.0	0.023	0.0	0.0	0.023	0.0	0.024	0.0	0.0	0.098	0.0	0.0	0.0	0.0	0.0	0.0	0.0	0.0	0.0	0.0	0.0	0.0	0.0	0.095	0.033	0.0	0.0	0.0	0.0	0.0	0.0	0.0	0.0	0.0	0.0	0.0	0.0	0.0	0.0	0.0	0.0	0.0	0.0	0.0	0.0	0.0	0.0	0.0	0.0	0.0	0.0	0.0	0.0	0.0	0.0	0.0	0.0	0.0	0.0	0.0	0.0	0.0	0.0	0.0	
玄寂	0.005	0.057	0.1	0.0	0.02	0.0	0.0	0.0	0.0	0.027	0.006	0.006	0.006	0.013	0.0	0.0	0.0	0.0	0.0	0.198	0.204	0.0	0.0	0.0	0.018	0.0	0.0	0.009	0.009	0.0	0.028	0.0	0.038	0.01	0.0	0.011	0.0	0.035	0.0	0.0	0.0	0.0	1.0	0.0	0.0	0.012	0.0	0.038	0.0	0.0	0.079	0.0	0.0	0.027	0.0	0.0	0.015	0.0	0.0	0.0	0.0	0.0	0.0	0.0	0.0	0.0	0.0	0.0	0.0	0.0	0.0	0.0	0.0	0.019	0.0	0.0	0.101	0.0	0.0	0.0	0.0	0.0	0.0	0.0	0.0	0.0	0.023	0.0	0.0	0.0	0.0	0.0	0.0	0.0	0.024	0.0	0.0	0.025	0.0	0.0	0.0	0.0	0.0	0.029	0.0	0.0	0.0	0.061	0.0	0.0	0.0	0.0	0.0	0.0	0.0	0.0	0.0	0.0	0.0	0.0	0.0	0.0	0.042	0.0	0.0	0.0	0.0	0.0	0.0	0.0	0.0	0.0	0.0	0.0	0.0	0.0	0.0	0.0	0.0	0.0	0.0	0.0	0.0	0.0	0.0	0.0	0.0	0.0	0.0	0.0	0.0	
白世镜	0.0	0.0	0.069	0.0	0.049	0.0	0.0	0.073	0.0	0.0	0.006	0.0	0.0	0.006	0.0	0.209	0.0	0.0	0.0	0.0	0.008	0.0	0.0	0.0	0.0	0.0	0.0	0.0	0.0	0.0	0.009	0.0	0.115	0.052	0.0	0.0	0.023	0.012	0.012	0.0	0.0	0.0	0.0	1.0	0.0	0.0	0.0	0.013	0.0	0.0	0.0	0.0	0.0	0.0	0.0	0.0	0.0	0.0	0.0	0.0	0.0	0.0	0.0	0.0	0.0	0.0	0.0	0.0	0.0	0.0	0.0	0.0	0.0	0.0	0.0	0.0	0.0	0.0	0.0	0.0	0.0	0.043	0.0	0.0	0.0	0.0	0.0	0.0	0.0	0.0	0.024	0.0	0.0	0.0	0.024	0.0	0.0	0.0	0.0	0.0	0.0	0.0	0.0	0.0	0.0	0.057	0.0	0.0	0.0	0.0	0.0	0.0	0.0	0.0	0.0	0.0	0.0	0.0	0.0	0.0	0.0	0.0	0.0	0.0	0.0	0.0	0.0	0.0	0.0	0.099	0.0	0.0	0.0	0.0	0.0	0.0	0.0	0.056	0.0	0.0	0.0	0.0	0.0	0.0	0.0	0.0	0.0	0.0	0.0	0.0	0.0	
崔百泉	0.049	0.003	0.0	0.0	0.029	0.0	0.004	0.092	0.005	0.082	0.0	0.0	0.0	0.032	0.019	0.0	0.115	0.0	0.031	0.0	0.0	0.0	0.018	0.064	0.036	0.046	0.0	0.0	0.0	0.0	0.0	0.0	0.0	0.0	0.052	0.0	0.011	0.0	0.024	0.0	0.0	0.146	0.0	0.0	1.0	0.0	0.0	0.0	0.078	0.0	0.0	0.013	0.014	0.0	0.0	0.0	0.0	0.045	0.0	0.595	0.0	0.0	0.0	0.0	0.017	0.0	0.0	0.0	0.0	0.0	0.0	0.0	0.0	0.0	0.0	0.0	0.0	0.0	0.0	0.0	0.0	0.0	0.021	0.0	0.0	0.0	0.0	0.0	0.023	0.0	0.0	0.024	0.0	0.024	0.0	0.0	0.099	0.0	0.0	0.0	0.0	0.0	0.0	0.0	0.0	0.0	0.0	0.0	0.0	0.0	0.128	0.0	0.0	0.0	0.0	0.0	0.0	0.0	0.0	0.0	0.0	0.0	0.0	0.0	0.0	0.0	0.0	0.0	0.0	0.0	0.0	0.0	0.0	0.0	0.0	0.0	0.0	0.0	0.0	0.0	0.0	0.0	0.0	0.0	0.0	0.0	0.0	0.0	0.0	0.0	0.0	
萧远山	0.002	0.003	0.004	0.0	0.0	0.0	0.045	0.0	0.0	0.028	0.006	0.0	0.0	0.013	0.0	0.0	0.0	0.0	0.0	0.0	0.058	0.0	0.0	0.0	0.037	0.0	0.0	0.0	0.0	0.0	0.0	0.0	0.0	0.021	0.328	0.0	0.0	0.0	0.0	0.0	0.0	0.0	0.012	0.0	0.0	1.0	0.0	0.0	0.0	0.0	0.04	0.0	0.0	0.0	0.0	0.0	0.0	0.0	0.0	0.0	0.0	0.0	0.0	0.0	0.0	0.0	0.053	0.0	0.0	0.0	0.0	0.0	0.0	0.0	0.0	0.0	0.041	0.0	0.0	0.0	0.0	0.0	0.0	0.0	0.0	0.0	0.0	0.0	0.0	0.0	0.0	0.0	0.0	0.0	0.025	0.0	0.0	0.0	0.0	0.0	0.0	0.0	0.0	0.0	0.0	0.0	0.0	0.0	0.0	0.0	0.0	0.0	0.0	0.0	0.0	0.0	0.0	0.0	0.0	0.0	0.0	0.0	0.043	0.0	0.0	0.0	0.0	0.0	0.0	0.0	0.0	0.0	0.0	0.0	0.0	0.0	0.0	0.0	0.0	0.0	0.0	0.0	0.0	0.0	0.0	0.0	0.0	0.0	0.0	0.0	0.0	
司马林	0.005	0.0	0.0	0.0	0.025	0.084	0.0	0.0	0.0	0.0	0.0	0.006	0.058	0.0	0.0	0.0	0.0	0.0	0.0	0.0	0.0	0.0	0.0	0.0	0.0	0.0	0.0	0.0	0.0	0.0	0.0	0.0	0.0	0.0	0.011	0.0	0.0	0.0	0.0	0.0	0.0	0.0	0.0	0.0	0.0	0.0	1.0	0.0	0.0	0.0	0.0	0.0	0.0	0.0	0.0	0.498	0.0	0.0	0.0	0.015	0.0	0.0	0.0	0.0	0.0	0.292	0.0	0.0	0.0	0.0	0.0	0.0	0.0	0.0	0.0	0.0	0.0	0.0	0.0	0.0	0.0	0.0	0.0	0.0	0.0	0.0	0.0	0.0	0.0	0.0	0.0	0.0	0.0	0.0	0.0	0.0	0.0	0.0	0.0	0.0	0.0	0.0	0.0	0.0	0.0	0.0	0.0	0.0	0.0	0.0	0.0	0.0	0.0	0.0	0.0	0.0	0.0	0.0	0.0	0.0	0.0	0.0	0.0	0.0	0.0	0.0	0.0	0.0	0.0	0.0	0.0	0.0	0.0	0.0	0.0	0.0	0.0	0.0	0.0	0.0	0.0	0.0	0.0	0.0	0.0	0.0	0.159	0.0	0.0	0.0	0.113	
谭公	0.002	0.0	0.17	0.004	0.076	0.0	0.005	0.0	0.0	0.0	0.006	0.0	0.0	0.013	0.0	0.036	0.0	0.0	0.0	0.016	0.008	0.0	0.0	0.0	0.0	0.0	0.0	0.0	0.0	0.0	0.37	0.0	0.118	0.011	0.0	0.0	0.0	0.583	0.0	0.0	0.0	0.0	0.038	0.013	0.0	0.0	0.0	1.0	0.0	0.0	0.014	0.0	0.0	0.113	0.0	0.0	0.0	0.0	0.0	0.0	0.0	0.0	0.0	0.0	0.0	0.0	0.036	0.0	0.0	0.0	0.0	0.0	0.0	0.0	0.0	0.0	0.0	0.0	0.0	0.0	0.0	0.0	0.0	0.0	0.0	0.0	0.0	0.0	0.0	0.0	0.0	0.0	0.0	0.0	0.0	0.0	0.0	0.0	0.0	0.0	0.0	0.0	0.0	0.0	0.0	0.0	0.0	0.0	0.0	0.0	0.0	0.0	0.0	0.0	0.0	0.0	0.0	0.038	0.0	0.0	0.0	0.0	0.0	0.0	0.0	0.0	0.0	0.0	0.0	0.0	0.0	0.0	0.0	0.0	0.0	0.0	0.0	0.0	0.0	0.0	0.0	0.0	0.0	0.0	0.0	0.0	0.0	0.0	0.0	0.0	0.0	
范骅	0.056	0.007	0.0	0.03	0.004	0.027	0.009	0.102	0.026	0.012	0.0	0.007	0.0	0.0	0.04	0.0	0.023	0.0	0.113	0.0	0.009	0.148	0.297	0.019	0.029	0.029	0.01	0.01	0.02	0.01	0.0	0.0	0.0	0.0	0.011	0.012	0.096	0.0	0.038	0.0	0.0	0.013	0.0	0.0	0.078	0.0	0.0	0.0	1.0	0.0	0.0	0.0	0.043	0.0	0.12	0.0	0.0	0.537	0.0	0.064	0.0	0.0	0.017	0.0	0.054	0.0	0.0	0.0	0.0	0.0	0.0	0.0	0.0	0.0	0.02	0.0	0.0	0.0	0.0	0.0	0.0	0.023	0.113	0.0	0.024	0.0	0.0	0.0	0.0	0.0	0.0	0.0	0.05	0.0	0.0	0.0	0.0	0.0	0.0	0.0	0.0	0.0	0.0	0.0	0.0	0.0	0.0	0.0	0.0	0.0	0.0	0.0	0.0	0.0	0.0	0.0	0.0	0.0	0.0	0.0	0.039	0.0	0.0	0.0	0.0	0.0	0.0	0.0	0.0	0.0	0.0	0.0	0.0	0.0	0.0	0.0	0.0	0.0	0.0	0.0	0.0	0.0	0.0	0.0	0.0	0.0	0.0	0.0	0.0	0.0	0.0	
薛慕华	0.002	0.046	0.0	0.0	0.0	0.009	0.009	0.0	0.0	0.006	0.019	0.151	0.02	0.034	0.0	0.0	0.0	0.0	0.008	0.102	0.009	0.009	0.0	0.0	0.01	0.0	0.0	0.02	0.07	0.0	0.0	0.071	0.0	0.0	0.0	0.024	0.0	0.0	0.0	0.0	0.0	0.0	0.0	0.0	0.0	0.0	0.0	0.0	0.0	1.0	0.0	0.0	0.0	0.0	0.0	0.0	0.236	0.0	0.0	0.0	0.0	0.0	0.017	0.0	0.0	0.0	0.0	0.0	0.0	0.0	0.0	0.0	0.06	0.02	0.0	0.0	0.0	0.0	0.0	0.0	0.181	0.0	0.0	0.0	0.0	0.0	0.0	0.0	0.0	0.0	0.0	0.0	0.0	0.0	0.0	0.0	0.0	0.027	0.108	0.0	0.171	0.0	0.0	0.03	0.0	0.0	0.22	0.0	0.0	0.0	0.0	0.0	0.0	0.0	0.0	0.0	0.0	0.0	0.0	0.0	0.0	0.125	0.0	0.0	0.223	0.0	0.0	0.0	0.0	0.0	0.0	0.0	0.0	0.0	0.0	0.0	0.0	0.0	0.0	0.0	0.0	0.0	0.0	0.0	0.0	0.0	0.0	0.0	0.0	0.0	0.0	
玄苦	0.0	0.011	0.132	0.0	0.031	0.0	0.0	0.005	0.0	0.012	0.0	0.007	0.0	0.027	0.0	0.0	0.008	0.0	0.0	0.077	0.132	0.0	0.0	0.0	0.01	0.0	0.0	0.0	0.01	0.0	0.02	0.0	0.01	0.0	0.011	0.024	0.0	0.013	0.0	0.0	0.0	0.0	0.079	0.0	0.0	0.04	0.0	0.014	0.0	0.0	1.0	0.0	0.0	0.0	0.0	0.0	0.0	0.0	0.0	0.0	0.0	0.0	0.0	0.0	0.0	0.0	0.0	0.0	0.0	0.0	0.0	0.0	0.0	0.06	0.0	0.0	0.043	0.0	0.0	0.0	0.0	0.0	0.0	0.0	0.0	0.0	0.025	0.0	0.0	0.0	0.0	0.0	0.0	0.0	0.0	0.0	0.0	0.0	0.0	0.028	0.0	0.0	0.0	0.0	0.0	0.0	0.0	0.0	0.0	0.0	0.0	0.0	0.0	0.0	0.0	0.0	0.0	0.0	0.0	0.0	0.0	0.0	0.0	0.0	0.0	0.0	0.0	0.0	0.0	0.0	0.0	0.0	0.0	0.0	0.0	0.0	0.0	0.0	0.0	0.0	0.0	0.0	0.0	0.0	0.0	0.0	0.0	0.0	0.0	0.0	0.0	
本因	0.045	0.004	0.0	0.0	0.0	0.0	0.0	0.0	0.0	0.146	0.0	0.0	0.0	0.041	0.0	0.0	0.0	0.0	0.008	0.0	0.0	0.0	0.0	0.01	0.01	0.01	0.0	0.0	0.0	0.0	0.0	0.0	0.0	0.0	0.011	0.0	0.0	0.0	0.0	0.0	0.0	0.013	0.0	0.0	0.013	0.0	0.0	0.0	0.0	0.0	0.0	1.0	0.0	0.0	0.0	0.0	0.0	0.0	0.0	0.0	0.0	0.0	0.0	0.0	0.0	0.0	0.0	0.0	0.0	0.0	0.0	0.0	0.0	0.0	0.0	0.0	0.0	0.0	0.0	0.0	0.0	0.0	0.0	0.0	0.0	0.0	0.0	0.0	0.445	0.0	0.0	0.38	0.0	0.363	0.0	0.0	0.0	0.0	0.0	0.0	0.0	0.0	0.0	0.0	0.0	0.0	0.0	0.0	0.0	0.0	0.0	0.0	0.0	0.0	0.0	0.0	0.0	0.0	0.0	0.0	0.0	0.0	0.0	0.0	0.0	0.0	0.0	0.0	0.0	0.0	0.0	0.0	0.0	0.0	0.0	0.0	0.0	0.0	0.0	0.0	0.0	0.0	0.0	0.0	0.084	0.0	0.0	0.0	0.0	0.0	0.0	
刀白凤	0.028	0.0	0.0	0.004	0.0	0.0	0.015	0.165	0.07	0.0	0.0	0.0	0.0	0.0	0.042	0.008	0.008	0.0	0.042	0.0	0.0	0.019	0.058	0.13	0.0	0.02	0.0	0.0	0.0	0.0	0.0	0.0	0.0	0.0	0.0	0.0	0.088	0.0	0.288	0.0	0.0	0.027	0.0	0.0	0.014	0.0	0.0	0.0	0.043	0.0	0.0	0.0	1.0	0.0	0.047	0.0	0.0	0.049	0.0	0.017	0.0	0.0	0.0	0.0	0.186	0.0	0.0	0.0	0.0	0.0	0.0	0.0	0.0	0.0	0.021	0.0	0.0	0.0	0.0	0.0	0.0	0.0	0.024	0.0	0.0	0.0	0.0	0.0	0.0	0.0	0.0	0.0	0.026	0.0	0.0	0.0	0.0	0.0	0.0	0.0	0.0	0.0	0.0	0.0	0.0	0.0	0.0	0.0	0.0	0.0	0.0	0.037	0.0	0.0	0.0	0.0	0.0	0.0	0.0	0.0	0.041	0.0	0.0	0.0	0.0	0.0	0.0	0.0	0.0	0.0	0.0	0.0	0.0	0.0	0.0	0.0	0.0	0.0	0.0	0.0	0.0	0.0	0.0	0.0	0.0	0.0	0.0	0.0	0.0	0.0	0.0	
单正	0.0	0.0	0.146	0.0	0.06	0.005	0.0	0.0	0.0	0.0	0.0	0.0	0.0	0.014	0.0	0.039	0.008	0.0	0.0	0.009	0.0	0.0	0.0	0.0	0.0	0.0	0.0	0.0	0.0	0.0	0.254	0.0	0.16	0.0	0.0	0.0	0.0	0.132	0.0	0.0	0.0	0.0	0.027	0.0	0.0	0.0	0.0	0.113	0.0	0.0	0.0	0.0	0.0	1.0	0.0	0.0	0.0	0.0	0.0	0.0	0.0	0.0	0.0	0.0	0.0	0.0	0.097	0.0	0.0	0.0	0.021	0.0	0.0	0.0	0.0	0.0	0.0	0.0	0.0	0.0	0.0	0.024	0.0	0.0	0.0	0.0	0.0	0.0	0.0	0.0	0.0	0.0	0.0	0.0	0.0	0.0	0.0	0.0	0.0	0.0	0.0	0.0	0.0	0.032	0.0	0.0	0.0	0.0	0.0	0.0	0.0	0.0	0.0	0.0	0.0	0.0	0.0	0.0	0.0	0.0	0.0	0.0	0.0	0.0	0.0	0.188	0.0	0.0	0.0	0.0	0.0	0.0	0.0	0.0	0.0	0.0	0.0	0.0	0.0	0.0	0.143	0.143	0.0	0.0	0.0	0.0	0.0	0.0	0.0	0.0	0.0	
褚万里	0.035	0.0	0.0	0.051	0.005	0.0	0.0	0.128	0.04	0.0	0.014	0.007	0.0	0.0	0.015	0.008	0.0	0.0	0.115	0.0	0.0	0.182	0.071	0.052	0.063	0.042	0.0	0.0	0.0	0.0	0.0	0.0	0.0	0.0	0.0	0.0	0.026	0.0	0.027	0.028	0.0	0.028	0.0	0.0	0.0	0.0	0.0	0.0	0.12	0.0	0.0	0.0	0.047	0.0	1.0	0.0	0.0	0.086	0.0	0.0	0.0	0.0	0.0	0.0	0.039	0.0	0.0	0.0	0.0	0.0	0.0	0.0	0.0	0.0	0.022	0.0	0.0	0.0	0.0	0.0	0.0	0.0	0.271	0.0	0.026	0.0	0.0	0.0	0.0	0.0	0.0	0.0	0.3	0.0	0.0	0.0	0.0	0.0	0.0	0.0	0.0	0.0	0.0	0.0	0.0	0.0	0.0	0.0	0.0	0.0	0.0	0.039	0.0	0.0	0.0	0.0	0.0	0.0	0.0	0.0	0.0	0.0	0.0	0.0	0.0	0.0	0.0	0.0	0.0	0.0	0.0	0.0	0.0	0.0	0.0	0.0	0.0	0.0	0.0	0.0	0.0	0.0	0.0	0.0	0.0	0.0	0.0	0.0	0.0	0.0	0.0	
诸保昆	0.0	0.0	0.0	0.0	0.024	0.071	0.0	0.0	0.0	0.0	0.0	0.0	0.044	0.0	0.0	0.0	0.008	0.0	0.0	0.0	0.0	0.0	0.0	0.0	0.0	0.0	0.0	0.0	0.0	0.0	0.0	0.0	0.0	0.0	0.0	0.0	0.0	0.0	0.0	0.0	0.0	0.0	0.0	0.0	0.0	0.0	0.498	0.0	0.0	0.0	0.0	0.0	0.0	0.0	0.0	1.0	0.0	0.0	0.0	0.0	0.0	0.0	0.0	0.0	0.0	0.139	0.0	0.0	0.0	0.0	0.0	0.0	0.0	0.0	0.0	0.0	0.0	0.0	0.0	0.0	0.0	0.0	0.0	0.0	0.0	0.0	0.0	0.0	0.0	0.0	0.0	0.0	0.0	0.0	0.0	0.0	0.0	0.0	0.0	0.0	0.0	0.0	0.0	0.0	0.0	0.0	0.0	0.0	0.0	0.0	0.0	0.0	0.0	0.0	0.0	0.0	0.0	0.0	0.0	0.0	0.0	0.0	0.0	0.0	0.0	0.0	0.0	0.0	0.0	0.0	0.0	0.0	0.0	0.0	0.0	0.0	0.0	0.0	0.0	0.0	0.0	0.0	0.0	0.0	0.0	0.0	0.092	0.0	0.0	0.0	0.0	
康广陵	0.006	0.049	0.0	0.0	0.0	0.01	0.011	0.0	0.0	0.013	0.028	0.097	0.053	0.023	0.0	0.0	0.009	0.0	0.018	0.125	0.01	0.011	0.0	0.0	0.022	0.0	0.0	0.011	0.09	0.0	0.0	0.081	0.0	0.0	0.0	0.04	0.0	0.0	0.0	0.0	0.0	0.0	0.015	0.0	0.0	0.0	0.0	0.0	0.0	0.236	0.0	0.0	0.0	0.0	0.0	0.0	1.0	0.0	0.0	0.0	0.0	0.0	0.0	0.0	0.0	0.0	0.0	0.0	0.0	0.0	0.0	0.0	0.045	0.023	0.0	0.0	0.0	0.0	0.0	0.0	0.283	0.0	0.0	0.0	0.0	0.0	0.0	0.0	0.0	0.0	0.0	0.0	0.0	0.0	0.0	0.0	0.0	0.0	0.0	0.0	0.162	0.0	0.0	0.0	0.0	0.0	0.214	0.0	0.0	0.0	0.0	0.0	0.0	0.0	0.0	0.0	0.0	0.0	0.0	0.0	0.0	0.094	0.0	0.0	0.152	0.0	0.0	0.0	0.0	0.0	0.0	0.0	0.0	0.0	0.0	0.0	0.0	0.0	0.0	0.0	0.0	0.0	0.0	0.0	0.0	0.0	0.0	0.0	0.0	0.0	0.0	
