人名	郭靖	黄蓉	欧阳锋	洪七公	黄药师	杨康	周伯通	欧阳克	丘处机	梅超风	柯镇恶	朱聪	完颜洪烈	裘千仞	穆念慈	铁木真	彭连虎	杨铁心	陆冠英	拖雷	瑛姑	王处一	梁子翁	一灯	马钰	韩小莹	华筝	韩宝驹	包惜弱	沙通天	侯通海	全金发	程瑶迦	鲁有脚	尹志平	南希仁	段天德	渔人	郭啸天	灵智上人	李萍	桑昆	王罕	札木合	简长老	张阿生	陈玄风	陆乘风	都史	焦木	颜烈	王重阳	黎生	胖子	彭长老	完颜洪熙	窝阔台	察合台	孙不二	谭处端	博尔忽	裘千丈	曲三	刘处玄	郝大通	枯木	木华黎	术赤	张十五	赤老温	曲灵风	吕文德	马青雄	钱青健	者勒米	梁长老	博尔术	汤祖德	天竺僧人	余兆兴	沈青刚	吴青烈	胖妇人	瘦丐	渔樵耕读	胖丐	忽都虎	韩麟	乔寨主	曲傻姑	
郭靖	1.0	0.425	0.204	0.203	0.163	0.111	0.197	0.102	0.078	0.131	0.07	0.1	0.096	0.125	0.058	0.059	0.044	0.027	0.05	0.158	0.102	0.081	0.095	0.097	0.073	0.063	0.159	0.069	0.009	0.056	0.049	0.058	0.017	0.101	0.037	0.073	0.021	0.079	0.014	0.023	0.068	0.035	0.029	0.026	0.031	0.024	0.039	0.03	0.045	0.003	0.0	0.035	0.042	0.019	0.021	0.016	0.057	0.047	0.02	0.021	0.043	0.051	0.0	0.008	0.008	0.008	0.02	0.04	0.0	0.034	0.014	0.037	0.033	0.039	0.006	0.011	0.017	0.0	0.031	0.006	0.04	0.036	0.024	0.016	0.024	0.018	0.0	0.0	0.012	0.0	
黄蓉	0.425	1.0	0.197	0.223	0.12	0.103	0.091	0.176	0.025	0.073	0.068	0.03	0.073	0.136	0.112	0.0	0.079	0.006	0.057	0.03	0.127	0.024	0.059	0.135	0.025	0.01	0.045	0.027	0.005	0.07	0.075	0.019	0.04	0.053	0.015	0.037	0.002	0.095	0.0	0.031	0.002	0.0	0.0	0.0	0.058	0.003	0.014	0.031	0.0	0.0	0.0	0.043	0.054	0.035	0.052	0.0	0.0	0.0	0.019	0.012	0.004	0.055	0.0	0.009	0.009	0.005	0.0	0.0	0.0	0.0	0.038	0.037	0.026	0.013	0.0	0.051	0.0	0.0	0.029	0.021	0.015	0.008	0.045	0.009	0.036	0.01	0.0	0.0	0.0	0.0	
欧阳锋	0.204	0.197	1.0	0.239	0.181	0.058	0.162	0.125	0.027	0.013	0.043	0.006	0.104	0.074	0.014	0.0	0.044	0.0	0.003	0.011	0.003	0.014	0.031	0.039	0.023	0.003	0.017	0.0	0.0	0.045	0.019	0.003	0.003	0.032	0.011	0.019	0.0	0.0	0.0	0.114	0.0	0.0	0.0	0.0	0.014	0.0	0.005	0.005	0.0	0.0	0.0	0.037	0.011	0.006	0.0	0.0	0.0	0.0	0.007	0.061	0.0	0.015	0.0	0.015	0.0	0.0	0.0	0.0	0.0	0.0	0.0	0.0	0.0	0.0	0.0	0.0	0.0	0.0	0.012	0.0	0.0	0.0	0.0	0.0	0.0	0.0	0.0	0.0	0.0	0.0	
洪七公	0.203	0.223	0.239	1.0	0.13	0.019	0.115	0.144	0.022	0.014	0.021	0.0	0.011	0.02	0.027	0.0	0.016	0.0	0.003	0.0	0.012	0.009	0.051	0.024	0.021	0.0	0.0	0.0	0.0	0.016	0.007	0.0	0.004	0.041	0.008	0.0	0.0	0.004	0.0	0.009	0.0	0.0	0.0	0.0	0.015	0.0	0.0	0.011	0.0	0.0	0.0	0.074	0.047	0.0	0.013	0.0	0.0	0.0	0.007	0.007	0.0	0.0	0.0	0.016	0.016	0.0	0.0	0.0	0.0	0.0	0.0	0.0	0.012	0.0	0.0	0.012	0.0	0.0	0.0	0.013	0.0	0.0	0.0	0.0	0.017	0.0	0.0	0.0	0.0	0.037	
黄药师	0.163	0.12	0.181	0.13	1.0	0.035	0.142	0.061	0.08	0.111	0.083	0.038	0.027	0.049	0.019	0.0	0.025	0.0	0.065	0.016	0.013	0.058	0.013	0.003	0.111	0.023	0.026	0.03	0.0	0.014	0.022	0.023	0.052	0.0	0.11	0.013	0.0	0.004	0.0	0.038	0.0	0.0	0.0	0.0	0.0	0.011	0.068	0.074	0.0	0.0	0.0	0.067	0.0	0.006	0.0	0.0	0.0	0.0	0.076	0.126	0.0	0.008	0.0	0.086	0.088	0.009	0.0	0.0	0.0	0.0	0.075	0.0	0.0	0.0	0.0	0.025	0.0	0.0	0.0	0.0	0.0	0.0	0.0	0.0	0.0	0.0	0.0	0.0	0.0	0.0	
杨康	0.111	0.103	0.058	0.019	0.035	1.0	0.006	0.081	0.082	0.019	0.024	0.013	0.164	0.045	0.298	0.0	0.052	0.085	0.073	0.034	0.003	0.125	0.049	0.007	0.046	0.004	0.029	0.007	0.059	0.045	0.008	0.012	0.026	0.079	0.028	0.009	0.01	0.0	0.02	0.041	0.016	0.0	0.0	0.0	0.071	0.0	0.006	0.031	0.0	0.0	0.0	0.0	0.007	0.014	0.06	0.0	0.0	0.0	0.025	0.017	0.0	0.0	0.0	0.009	0.01	0.01	0.0	0.0	0.0	0.0	0.0	0.0	0.0	0.0	0.0	0.028	0.0	0.015	0.0	0.0	0.0	0.0	0.0	0.078	0.0	0.065	0.0	0.0	0.0	0.044	
周伯通	0.197	0.091	0.162	0.115	0.142	0.006	1.0	0.011	0.049	0.04	0.013	0.005	0.039	0.087	0.006	0.0	0.029	0.0	0.0	0.0	0.051	0.018	0.011	0.011	0.048	0.004	0.0	0.0	0.0	0.02	0.012	0.0	0.0	0.0	0.005	0.005	0.0	0.01	0.0	0.097	0.0	0.0	0.0	0.0	0.0	0.0	0.013	0.013	0.0	0.0	0.0	0.063	0.0	0.0	0.0	0.0	0.0	0.0	0.009	0.045	0.0	0.0	0.0	0.02	0.0	0.0	0.0	0.0	0.0	0.0	0.012	0.0	0.0	0.0	0.0	0.0	0.0	0.0	0.0	0.0	0.0	0.0	0.0	0.0	0.0	0.0	0.0	0.0	0.0	0.0	
欧阳克	0.102	0.176	0.125	0.144	0.061	0.081	0.011	1.0	0.012	0.065	0.005	0.008	0.017	0.003	0.094	0.0	0.08	0.007	0.052	0.004	0.004	0.015	0.069	0.008	0.015	0.004	0.0	0.008	0.0	0.087	0.039	0.005	0.099	0.014	0.005	0.016	0.0	0.0	0.0	0.028	0.0	0.0	0.0	0.0	0.0	0.0	0.0	0.0	0.0	0.0	0.0	0.015	0.113	0.008	0.0	0.0	0.0	0.0	0.009	0.0	0.0	0.0	0.0	0.0	0.0	0.0	0.0	0.0	0.0	0.0	0.0	0.0	0.0	0.0	0.0	0.015	0.0	0.017	0.0	0.034	0.0	0.0	0.0	0.0	0.0	0.0	0.0	0.0	0.0	0.0	
丘处机	0.078	0.025	0.027	0.022	0.08	0.082	0.049	0.012	1.0	0.034	0.129	0.123	0.038	0.021	0.057	0.003	0.105	0.119	0.004	0.004	0.0	0.177	0.031	0.004	0.223	0.059	0.024	0.101	0.045	0.054	0.031	0.064	0.005	0.01	0.082	0.058	0.09	0.0	0.084	0.028	0.047	0.0	0.006	0.0	0.0	0.086	0.014	0.0	0.0	0.174	0.014	0.037	0.0	0.015	0.0	0.009	0.0	0.0	0.128	0.123	0.0	0.0	0.0	0.103	0.137	0.022	0.0	0.0	0.0	0.0	0.0	0.0	0.0	0.0	0.0	0.0	0.0	0.0	0.0	0.0	0.0	0.0	0.0	0.0	0.0	0.0	0.0	0.0	0.0	0.0	
梅超风	0.131	0.073	0.013	0.014	0.111	0.019	0.04	0.065	0.034	1.0	0.081	0.112	0.003	0.033	0.021	0.007	0.038	0.0	0.032	0.004	0.0	0.026	0.048	0.0	0.114	0.106	0.018	0.122	0.0	0.033	0.02	0.077	0.0	0.0	0.006	0.076	0.0	0.0	0.0	0.006	0.0	0.007	0.0	0.0	0.0	0.037	0.121	0.084	0.0	0.0	0.0	0.017	0.0	0.009	0.0	0.0	0.0	0.0	0.031	0.042	0.0	0.0	0.0	0.023	0.0	0.0	0.0	0.0	0.0	0.0	0.029	0.0	0.0	0.0	0.0	0.0	0.0	0.0	0.0	0.0	0.0	0.0	0.0	0.0	0.0	0.0	0.0	0.0	0.0	0.0	
柯镇恶	0.07	0.068	0.043	0.021	0.083	0.024	0.013	0.005	0.129	0.081	1.0	0.2	0.03	0.03	0.0	0.007	0.066	0.004	0.004	0.013	0.0	0.031	0.018	0.0	0.059	0.163	0.005	0.125	0.0	0.034	0.005	0.152	0.0	0.0	0.082	0.102	0.03	0.0	0.006	0.02	0.0	0.014	0.007	0.0	0.0	0.13	0.054	0.008	0.008	0.08	0.008	0.008	0.0	0.026	0.0	0.0	0.0	0.0	0.021	0.044	0.0	0.0	0.0	0.012	0.012	0.0	0.0	0.0	0.0	0.0	0.0	0.0	0.035	0.035	0.0	0.0	0.0	0.0	0.0	0.0	0.021	0.045	0.0	0.0	0.0	0.0	0.0	0.0	0.0	0.0	
朱聪	0.1	0.03	0.006	0.0	0.038	0.013	0.005	0.008	0.123	0.112	0.2	1.0	0.018	0.043	0.008	0.004	0.046	0.017	0.009	0.065	0.005	0.019	0.005	0.0	0.067	0.212	0.029	0.202	0.005	0.036	0.005	0.268	0.0	0.0	0.025	0.186	0.026	0.0	0.0	0.0	0.014	0.007	0.0	0.0	0.0	0.122	0.05	0.008	0.017	0.043	0.0	0.009	0.0	0.019	0.0	0.0	0.011	0.0	0.0	0.0	0.0	0.0	0.0	0.0	0.0	0.0	0.0	0.0	0.0	0.0	0.0	0.0	0.019	0.019	0.0	0.0	0.0	0.0	0.0	0.0	0.022	0.024	0.0	0.0	0.0	0.0	0.0	0.0	0.0	0.0	
完颜洪烈	0.096	0.073	0.104	0.011	0.027	0.164	0.039	0.017	0.038	0.003	0.03	0.018	1.0	0.033	0.036	0.081	0.111	0.022	0.004	0.019	0.0	0.005	0.093	0.0	0.005	0.0	0.0	0.01	0.057	0.11	0.038	0.0	0.0	0.0	0.0	0.013	0.027	0.0	0.021	0.106	0.0	0.067	0.077	0.09	0.0	0.008	0.0	0.017	0.026	0.026	0.009	0.0	0.0	0.067	0.0	0.12	0.0	0.011	0.0	0.0	0.012	0.013	0.0	0.0	0.0	0.0	0.027	0.0	0.0	0.0	0.0	0.0	0.0	0.0	0.0	0.0	0.0	0.043	0.0	0.0	0.0	0.0	0.0	0.0	0.0	0.0	0.0	0.043	0.0	0.0	
裘千仞	0.125	0.136	0.074	0.02	0.049	0.045	0.087	0.003	0.021	0.033	0.03	0.043	0.033	1.0	0.008	0.0	0.021	0.0	0.031	0.019	0.092	0.005	0.01	0.044	0.03	0.0	0.025	0.005	0.0	0.021	0.006	0.0	0.0	0.08	0.0	0.007	0.0	0.007	0.0	0.007	0.0	0.0	0.0	0.0	0.066	0.0	0.0	0.026	0.0	0.0	0.0	0.046	0.01	0.0	0.0	0.0	0.0	0.0	0.012	0.012	0.0	0.089	0.0	0.039	0.013	0.014	0.0	0.0	0.0	0.0	0.0	0.0	0.0	0.0	0.0	0.019	0.0	0.0	0.0	0.0	0.0	0.0	0.0	0.0	0.0	0.0	0.0	0.0	0.0	0.0	
穆念慈	0.058	0.112	0.014	0.027	0.019	0.298	0.006	0.094	0.057	0.021	0.0	0.008	0.036	0.008	1.0	0.0	0.009	0.071	0.019	0.016	0.0	0.058	0.0	0.0	0.027	0.0	0.0	0.0	0.028	0.006	0.0	0.006	0.033	0.007	0.014	0.0	0.0	0.0	0.015	0.0	0.0	0.0	0.0	0.0	0.0	0.0	0.0	0.0	0.0	0.0	0.0	0.0	0.0	0.01	0.011	0.0	0.0	0.0	0.025	0.013	0.0	0.027	0.0	0.014	0.014	0.0	0.0	0.0	0.0	0.0	0.0	0.0	0.0	0.0	0.0	0.0	0.0	0.023	0.0	0.0	0.0	0.0	0.0	0.0	0.0	0.0	0.0	0.0	0.0	0.0	
铁木真	0.059	0.0	0.0	0.0	0.0	0.0	0.0	0.0	0.003	0.007	0.007	0.004	0.081	0.0	0.0	1.0	0.0	0.0	0.0	0.138	0.0	0.0	0.0	0.0	0.0	0.005	0.066	0.0	0.0	0.0	0.0	0.006	0.0	0.0	0.0	0.007	0.0	0.0	0.0	0.0	0.016	0.363	0.392	0.371	0.0	0.0	0.0	0.0	0.259	0.0	0.0	0.0	0.0	0.0	0.0	0.169	0.14	0.101	0.0	0.0	0.082	0.0	0.0	0.0	0.0	0.0	0.105	0.0	0.0	0.081	0.0	0.0	0.0	0.0	0.127	0.0	0.042	0.0	0.0	0.0	0.0	0.0	0.0	0.0	0.0	0.0	0.116	0.0	0.0	0.0	
彭连虎	0.044	0.079	0.044	0.016	0.025	0.052	0.029	0.08	0.105	0.038	0.066	0.046	0.111	0.021	0.009	0.0	1.0	0.005	0.01	0.0	0.0	0.056	0.232	0.0	0.063	0.0	0.0	0.012	0.006	0.352	0.254	0.013	0.028	0.0	0.015	0.0	0.0	0.0	0.0	0.148	0.0	0.0	0.0	0.0	0.0	0.0	0.01	0.0	0.0	0.01	0.0	0.0	0.0	0.0	0.0	0.0	0.0	0.0	0.0	0.0	0.0	0.0	0.0	0.0	0.0	0.0	0.0	0.0	0.0	0.0	0.0	0.0	0.0	0.0	0.0	0.0	0.0	0.0	0.0	0.0	0.0	0.0	0.0	0.0	0.0	0.0	0.0	0.0	0.0	0.0	
杨铁心	0.027	0.006	0.0	0.0	0.0	0.085	0.0	0.007	0.119	0.0	0.004	0.017	0.022	0.0	0.071	0.0	0.005	1.0	0.0	0.006	0.0	0.023	0.012	0.0	0.018	0.006	0.018	0.0	0.252	0.006	0.0	0.014	0.0	0.0	0.0	0.008	0.087	0.0	0.344	0.0	0.053	0.0	0.0	0.0	0.0	0.0	0.01	0.0	0.0	0.0	0.011	0.0	0.0	0.0	0.0	0.0	0.0	0.0	0.0	0.0	0.0	0.0	0.12	0.0	0.0	0.0	0.0	0.0	0.102	0.0	0.0	0.0	0.0	0.0	0.0	0.0	0.0	0.026	0.0	0.0	0.0	0.0	0.0	0.0	0.0	0.0	0.0	0.0	0.0	0.0	
陆冠英	0.05	0.057	0.003	0.003	0.065	0.073	0.0	0.052	0.004	0.032	0.004	0.009	0.004	0.031	0.019	0.0	0.01	0.0	1.0	0.006	0.0	0.0	0.0	0.0	0.0	0.0	0.0	0.0	0.0	0.006	0.106	0.0	0.455	0.007	0.238	0.0	0.008	0.016	0.0	0.0	0.0	0.0	0.0	0.0	0.0	0.0	0.0	0.113	0.0	0.0	0.0	0.0	0.0	0.0	0.0	0.0	0.0	0.0	0.014	0.0	0.015	0.0	0.0	0.0	0.0	0.049	0.0	0.0	0.0	0.0	0.0	0.0	0.092	0.023	0.0	0.0	0.0	0.0	0.0	0.0	0.028	0.03	0.0	0.0	0.0	0.0	0.0	0.0	0.0	0.0	
拖雷	0.158	0.03	0.011	0.0	0.016	0.034	0.0	0.004	0.004	0.004	0.013	0.065	0.019	0.019	0.016	0.138	0.0	0.006	0.006	1.0	0.0	0.0	0.0	0.0	0.006	0.045	0.226	0.033	0.0	0.0	0.0	0.045	0.0	0.0	0.0	0.017	0.017	0.0	0.0	0.0	0.019	0.049	0.09	0.043	0.0	0.011	0.0	0.0	0.203	0.0	0.0	0.0	0.0	0.0	0.0	0.0	0.268	0.104	0.0	0.0	0.177	0.0	0.0	0.0	0.0	0.0	0.088	0.072	0.0	0.038	0.0	0.0	0.025	0.025	0.0	0.0	0.025	0.0	0.0	0.0	0.03	0.032	0.0	0.035	0.0	0.039	0.0	0.0	0.0	0.0	
瑛姑	0.102	0.127	0.003	0.012	0.013	0.003	0.051	0.004	0.0	0.0	0.0	0.005	0.0	0.092	0.0	0.0	0.0	0.0	0.0	0.0	1.0	0.0	0.0	0.174	0.0	0.0	0.007	0.0	0.0	0.0	0.0	0.0	0.0	0.008	0.0	0.0	0.0	0.044	0.0	0.0	0.0	0.0	0.0	0.0	0.0	0.0	0.0	0.011	0.0	0.0	0.0	0.012	0.0	0.0	0.0	0.0	0.0	0.0	0.0	0.0	0.0	0.017	0.0	0.0	0.0	0.0	0.0	0.0	0.0	0.0	0.0	0.0	0.0	0.0	0.0	0.0	0.0	0.0	0.056	0.0	0.0	0.0	0.0	0.0	0.036	0.0	0.0	0.0	0.0	0.0	
王处一	0.081	0.024	0.014	0.009	0.058	0.125	0.018	0.015	0.177	0.026	0.031	0.019	0.005	0.005	0.058	0.0	0.056	0.023	0.0	0.0	0.0	1.0	0.051	0.013	0.207	0.007	0.007	0.0	0.0	0.083	0.036	0.008	0.0	0.0	0.05	0.0	0.0	0.0	0.0	0.075	0.0	0.0	0.0	0.0	0.0	0.0	0.0	0.0	0.0	0.0	0.0	0.012	0.0	0.0	0.0	0.0	0.0	0.0	0.181	0.094	0.0	0.0	0.0	0.153	0.209	0.0	0.0	0.0	0.0	0.0	0.0	0.0	0.0	0.0	0.0	0.0	0.0	0.141	0.0	0.0	0.0	0.0	0.0	0.0	0.0	0.0	0.0	0.0	0.0	0.0	
梁子翁	0.095	0.059	0.031	0.051	0.013	0.049	0.011	0.069	0.031	0.048	0.018	0.005	0.093	0.01	0.0	0.0	0.232	0.012	0.0	0.0	0.0	0.051	1.0	0.0	0.013	0.0	0.0	0.0	0.0	0.23	0.102	0.0	0.0	0.0	0.0	0.0	0.0	0.0	0.0	0.104	0.0	0.0	0.0	0.0	0.0	0.0	0.0	0.0	0.0	0.0	0.0	0.0	0.0	0.0	0.0	0.0	0.0	0.0	0.0	0.0	0.0	0.0	0.0	0.0	0.0	0.0	0.0	0.0	0.0	0.0	0.0	0.0	0.0	0.0	0.0	0.0	0.0	0.085	0.0	0.0	0.0	0.0	0.0	0.0	0.0	0.0	0.0	0.0	0.0	0.0	
一灯	0.097	0.135	0.039	0.024	0.003	0.007	0.011	0.008	0.004	0.0	0.0	0.0	0.0	0.044	0.0	0.0	0.0	0.0	0.0	0.0	0.174	0.013	0.0	1.0	0.007	0.0	0.007	0.0	0.0	0.0	0.0	0.0	0.0	0.008	0.0	0.0	0.0	0.036	0.0	0.0	0.0	0.0	0.0	0.0	0.0	0.0	0.0	0.011	0.0	0.0	0.0	0.0	0.0	0.0	0.0	0.0	0.0	0.0	0.0	0.0	0.0	0.017	0.0	0.0	0.0	0.0	0.0	0.0	0.0	0.0	0.0	0.0	0.0	0.0	0.0	0.0	0.0	0.0	0.2	0.0	0.0	0.0	0.0	0.0	0.0	0.0	0.0	0.0	0.0	0.0	
马钰	0.073	0.025	0.023	0.021	0.111	0.046	0.048	0.015	0.223	0.114	0.059	0.067	0.005	0.03	0.027	0.0	0.063	0.018	0.0	0.006	0.0	0.207	0.013	0.007	1.0	0.04	0.053	0.014	0.007	0.042	0.007	0.008	0.0	0.008	0.085	0.0	0.0	0.0	0.0	0.0	0.0	0.0	0.0	0.0	0.011	0.011	0.011	0.011	0.0	0.0	0.0	0.074	0.0	0.0	0.0	0.0	0.0	0.0	0.215	0.207	0.0	0.0	0.0	0.173	0.23	0.0	0.0	0.0	0.0	0.0	0.0	0.0	0.0	0.026	0.0	0.0	0.0	0.0	0.0	0.0	0.0	0.0	0.0	0.0	0.0	0.0	0.0	0.0	0.0	0.0	
韩小莹	0.063	0.01	0.003	0.0	0.023	0.004	0.004	0.004	0.059	0.106	0.163	0.212	0.0	0.0	0.0	0.005	0.0	0.006	0.0	0.045	0.0	0.007	0.0	0.0	0.04	1.0	0.02	0.3	0.0	0.007	0.0	0.278	0.0	0.0	0.009	0.168	0.036	0.0	0.019	0.0	0.01	0.0	0.0	0.0	0.0	0.224	0.08	0.0	0.023	0.035	0.0	0.012	0.0	0.013	0.0	0.0	0.0	0.0	0.015	0.0	0.0	0.0	0.0	0.0	0.0	0.0	0.0	0.0	0.0	0.0	0.0	0.0	0.0	0.0	0.0	0.0	0.0	0.0	0.0	0.0	0.0	0.0	0.0	0.0	0.0	0.0	0.0	0.0	0.0	0.0	
华筝	0.159	0.045	0.017	0.0	0.026	0.029	0.0	0.0	0.024	0.018	0.005	0.029	0.0	0.025	0.0	0.066	0.0	0.018	0.0	0.226	0.007	0.007	0.0	0.007	0.053	0.02	1.0	0.0	0.0	0.0	0.0	0.015	0.0	0.0	0.0	0.009	0.018	0.0	0.0	0.0	0.04	0.05	0.083	0.022	0.0	0.0	0.0	0.0	0.105	0.0	0.0	0.0	0.0	0.0	0.0	0.0	0.015	0.031	0.0	0.0	0.017	0.0	0.0	0.0	0.018	0.0	0.0	0.038	0.0	0.0	0.0	0.0	0.0	0.0	0.0	0.0	0.0	0.0	0.0	0.0	0.0	0.0	0.0	0.037	0.0	0.041	0.0	0.0	0.0	0.0	
韩宝驹	0.069	0.027	0.0	0.0	0.03	0.007	0.0	0.008	0.101	0.122	0.125	0.202	0.01	0.005	0.0	0.0	0.012	0.0	0.0	0.033	0.0	0.0	0.0	0.0	0.014	0.3	0.0	1.0	0.0	0.014	0.008	0.277	0.0	0.0	0.0	0.245	0.073	0.0	0.01	0.0	0.02	0.0	0.0	0.0	0.0	0.172	0.047	0.0	0.012	0.084	0.0	0.013	0.0	0.053	0.0	0.0	0.0	0.0	0.0	0.0	0.0	0.0	0.0	0.0	0.0	0.0	0.0	0.0	0.0	0.0	0.0	0.0	0.0	0.0	0.0	0.0	0.0	0.0	0.0	0.0	0.0	0.0	0.0	0.0	0.0	0.0	0.0	0.0	0.0	0.0	
包惜弱	0.009	0.005	0.0	0.0	0.0	0.059	0.0	0.0	0.045	0.0	0.0	0.005	0.057	0.0	0.028	0.0	0.006	0.252	0.0	0.0	0.0	0.0	0.0	0.0	0.007	0.0	0.0	0.0	1.0	0.007	0.0	0.0	0.0	0.0	0.0	0.0	0.037	0.0	0.059	0.0	0.031	0.0	0.0	0.0	0.0	0.0	0.0	0.0	0.0	0.012	0.348	0.0	0.0	0.013	0.0	0.0	0.0	0.0	0.0	0.0	0.0	0.0	0.0	0.0	0.0	0.0	0.0	0.0	0.0	0.0	0.0	0.0	0.0	0.0	0.0	0.0	0.0	0.03	0.0	0.0	0.0	0.0	0.0	0.0	0.0	0.0	0.0	0.06	0.0	0.0	
沙通天	0.056	0.07	0.045	0.016	0.014	0.045	0.02	0.087	0.054	0.033	0.034	0.036	0.11	0.021	0.006	0.0	0.352	0.006	0.006	0.0	0.0	0.083	0.23	0.0	0.042	0.007	0.0	0.014	0.007	1.0	0.242	0.008	0.017	0.0	0.009	0.009	0.0	0.0	0.0	0.172	0.0	0.0	0.0	0.0	0.0	0.0	0.0	0.0	0.0	0.012	0.0	0.013	0.0	0.014	0.0	0.0	0.0	0.0	0.0	0.0	0.0	0.0	0.0	0.0	0.0	0.0	0.0	0.0	0.0	0.0	0.0	0.0	0.055	0.027	0.0	0.0	0.0	0.0	0.0	0.0	0.033	0.035	0.0	0.0	0.0	0.0	0.0	0.0	0.0	0.0	
侯通海	0.049	0.075	0.019	0.007	0.022	0.008	0.012	0.039	0.031	0.02	0.005	0.005	0.038	0.006	0.0	0.0	0.254	0.0	0.106	0.0	0.0	0.036	0.102	0.0	0.007	0.0	0.0	0.008	0.0	0.242	1.0	0.0	0.143	0.0	0.057	0.01	0.0	0.0	0.0	0.095	0.0	0.0	0.0	0.0	0.0	0.0	0.0	0.0	0.0	0.0	0.0	0.0	0.0	0.0	0.0	0.0	0.0	0.0	0.017	0.0	0.0	0.0	0.0	0.0	0.0	0.0	0.0	0.0	0.0	0.0	0.0	0.0	0.057	0.029	0.0	0.0	0.0	0.0	0.0	0.0	0.103	0.074	0.0	0.0	0.0	0.0	0.0	0.0	0.0	0.0	
全金发	0.058	0.019	0.003	0.0	0.023	0.012	0.0	0.005	0.064	0.077	0.152	0.268	0.0	0.0	0.006	0.006	0.013	0.014	0.0	0.045	0.0	0.008	0.0	0.0	0.008	0.278	0.015	0.277	0.0	0.008	0.0	1.0	0.0	0.0	0.02	0.225	0.021	0.0	0.0	0.0	0.0	0.0	0.012	0.0	0.0	0.143	0.04	0.0	0.013	0.041	0.0	0.014	0.0	0.0	0.0	0.0	0.0	0.0	0.0	0.0	0.019	0.0	0.0	0.0	0.0	0.0	0.0	0.0	0.0	0.0	0.0	0.0	0.0	0.0	0.0	0.0	0.0	0.0	0.0	0.0	0.0	0.0	0.0	0.0	0.0	0.0	0.0	0.0	0.0	0.0	
程瑶迦	0.017	0.04	0.003	0.004	0.052	0.026	0.0	0.099	0.005	0.0	0.0	0.0	0.0	0.0	0.033	0.0	0.028	0.0	0.455	0.0	0.0	0.0	0.0	0.0	0.0	0.0	0.0	0.0	0.0	0.017	0.143	0.0	1.0	0.02	0.219	0.0	0.0	0.0	0.0	0.0	0.0	0.0	0.0	0.0	0.0	0.0	0.0	0.014	0.0	0.0	0.0	0.0	0.031	0.0	0.0	0.0	0.0	0.0	0.056	0.0	0.0	0.0	0.0	0.0	0.0	0.022	0.0	0.0	0.0	0.0	0.0	0.0	0.0	0.0	0.0	0.031	0.0	0.0	0.0	0.035	0.0	0.0	0.0	0.0	0.0	0.0	0.0	0.0	0.0	0.0	
鲁有脚	0.101	0.053	0.032	0.041	0.0	0.079	0.0	0.014	0.01	0.0	0.0	0.0	0.0	0.08	0.007	0.0	0.0	0.0	0.007	0.0	0.008	0.0	0.0	0.008	0.008	0.0	0.0	0.0	0.0	0.0	0.0	0.0	0.02	1.0	0.0	0.0	0.0	0.0	0.0	0.0	0.0	0.0	0.0	0.0	0.164	0.0	0.0	0.0	0.0	0.0	0.0	0.0	0.032	0.0	0.155	0.0	0.0	0.019	0.0	0.0	0.0	0.0	0.0	0.0	0.0	0.0	0.0	0.023	0.0	0.0	0.0	0.0	0.0	0.0	0.0	0.127	0.0	0.0	0.0	0.036	0.0	0.0	0.0	0.0	0.0	0.0	0.0	0.0	0.0	0.0	
尹志平	0.037	0.015	0.011	0.008	0.11	0.028	0.005	0.005	0.082	0.006	0.082	0.025	0.0	0.0	0.014	0.0	0.015	0.0	0.238	0.0	0.0	0.05	0.0	0.0	0.085	0.009	0.0	0.0	0.0	0.009	0.057	0.02	0.219	0.0	1.0	0.0	0.0	0.0	0.0	0.0	0.013	0.0	0.0	0.0	0.0	0.0	0.0	0.015	0.0	0.0	0.0	0.0	0.0	0.0	0.0	0.0	0.0	0.0	0.12	0.124	0.0	0.0	0.0	0.045	0.023	0.024	0.0	0.0	0.0	0.0	0.0	0.0	0.0	0.0	0.0	0.0	0.0	0.0	0.0	0.0	0.0	0.0	0.0	0.0	0.0	0.0	0.0	0.0	0.0	0.0	
南希仁	0.073	0.037	0.019	0.0	0.013	0.009	0.005	0.016	0.058	0.076	0.102	0.186	0.013	0.007	0.0	0.007	0.0	0.008	0.0	0.017	0.0	0.0	0.0	0.0	0.0	0.168	0.009	0.245	0.0	0.009	0.01	0.225	0.0	0.0	0.0	1.0	0.012	0.0	0.0	0.0	0.0	0.0	0.0	0.0	0.0	0.179	0.061	0.0	0.0	0.016	0.0	0.017	0.0	0.017	0.0	0.0	0.0	0.0	0.0	0.0	0.0	0.0	0.0	0.0	0.0	0.0	0.0	0.0	0.0	0.0	0.0	0.0	0.0	0.034	0.0	0.0	0.0	0.0	0.0	0.0	0.0	0.0	0.0	0.0	0.0	0.0	0.0	0.0	0.0	0.0	
段天德	0.021	0.002	0.0	0.0	0.0	0.01	0.0	0.0	0.09	0.0	0.03	0.026	0.027	0.0	0.0	0.0	0.0	0.087	0.008	0.017	0.0	0.0	0.0	0.0	0.0	0.036	0.018	0.073	0.037	0.0	0.0	0.021	0.0	0.0	0.0	0.012	1.0	0.0	0.128	0.0	0.28	0.0	0.0	0.0	0.0	0.015	0.0	0.031	0.0	0.095	0.064	0.0	0.0	0.035	0.0	0.0	0.0	0.0	0.0	0.0	0.0	0.0	0.0	0.0	0.0	0.221	0.0	0.0	0.0	0.0	0.0	0.0	0.0	0.0	0.0	0.0	0.0	0.0	0.0	0.0	0.0	0.0	0.0	0.0	0.0	0.0	0.0	0.0	0.0	0.0	
渔人	0.079	0.095	0.0	0.004	0.004	0.0	0.01	0.0	0.0	0.0	0.0	0.0	0.0	0.007	0.0	0.0	0.0	0.0	0.016	0.0	0.044	0.0	0.0	0.036	0.0	0.0	0.0	0.0	0.0	0.0	0.0	0.0	0.0	0.0	0.0	0.0	0.0	1.0	0.0	0.0	0.0	0.0	0.0	0.0	0.0	0.0	0.0	0.0	0.0	0.0	0.0	0.0	0.0	0.0	0.0	0.0	0.0	0.0	0.0	0.0	0.0	0.0	0.0	0.0	0.0	0.0	0.0	0.0	0.0	0.0	0.0	0.0	0.0	0.0	0.0	0.0	0.0	0.0	0.0	0.0	0.0	0.0	0.0	0.0	0.05	0.0	0.0	0.0	0.0	0.0	
郭啸天	0.014	0.0	0.0	0.0	0.0	0.02	0.0	0.0	0.084	0.0	0.006	0.0	0.021	0.0	0.015	0.0	0.0	0.344	0.0	0.0	0.0	0.0	0.0	0.0	0.0	0.019	0.0	0.01	0.059	0.0	0.0	0.0	0.0	0.0	0.0	0.0	0.128	0.0	1.0	0.0	0.056	0.0	0.0	0.0	0.0	0.0	0.016	0.016	0.0	0.017	0.017	0.0	0.0	0.0	0.0	0.0	0.0	0.0	0.0	0.0	0.0	0.0	0.073	0.0	0.0	0.0	0.0	0.0	0.219	0.0	0.0	0.0	0.0	0.0	0.0	0.0	0.0	0.0	0.0	0.0	0.0	0.0	0.0	0.0	0.0	0.0	0.0	0.0	0.0	0.0	
灵智上人	0.023	0.031	0.114	0.009	0.038	0.041	0.097	0.028	0.028	0.006	0.02	0.0	0.106	0.007	0.0	0.0	0.148	0.0	0.0	0.0	0.0	0.075	0.104	0.0	0.0	0.0	0.0	0.0	0.0	0.172	0.095	0.0	0.0	0.0	0.0	0.0	0.0	0.0	0.0	1.0	0.0	0.0	0.0	0.0	0.0	0.0	0.0	0.0	0.0	0.0	0.0	0.0	0.0	0.0	0.0	0.0	0.0	0.0	0.0	0.0	0.0	0.0	0.0	0.0	0.0	0.0	0.0	0.0	0.0	0.0	0.0	0.0	0.0	0.0	0.0	0.0	0.0	0.0	0.0	0.0	0.0	0.0	0.0	0.0	0.0	0.0	0.0	0.0	0.0	0.0	
李萍	0.068	0.002	0.0	0.0	0.0	0.016	0.0	0.0	0.047	0.0	0.0	0.014	0.0	0.0	0.0	0.016	0.0	0.053	0.0	0.019	0.0	0.0	0.0	0.0	0.0	0.01	0.04	0.02	0.031	0.0	0.0	0.0	0.0	0.0	0.013	0.0	0.28	0.0	0.056	0.0	1.0	0.0	0.0	0.016	0.0	0.017	0.0	0.0	0.0	0.018	0.0	0.0	0.0	0.038	0.0	0.0	0.0	0.0	0.0	0.0	0.0	0.0	0.0	0.0	0.0	0.0	0.0	0.0	0.0	0.0	0.0	0.0	0.0	0.0	0.0	0.0	0.0	0.0	0.0	0.0	0.0	0.0	0.0	0.0	0.0	0.0	0.0	0.0	0.0	0.0	
桑昆	0.035	0.0	0.0	0.0	0.0	0.0	0.0	0.0	0.0	0.007	0.014	0.007	0.067	0.0	0.0	0.363	0.0	0.0	0.0	0.049	0.0	0.0	0.0	0.0	0.0	0.0	0.05	0.0	0.0	0.0	0.0	0.0	0.0	0.0	0.0	0.0	0.0	0.0	0.0	0.0	0.0	1.0	0.422	0.398	0.0	0.0	0.0	0.0	0.352	0.0	0.0	0.0	0.0	0.0	0.0	0.111	0.0	0.023	0.0	0.0	0.0	0.0	0.0	0.0	0.0	0.0	0.083	0.0	0.0	0.0	0.0	0.0	0.0	0.0	0.0	0.0	0.0	0.0	0.0	0.0	0.0	0.0	0.0	0.0	0.0	0.0	0.0	0.0	0.0	0.0	
王罕	0.029	0.0	0.0	0.0	0.0	0.0	0.0	0.0	0.006	0.0	0.007	0.0	0.077	0.0	0.0	0.392	0.0	0.0	0.0	0.09	0.0	0.0	0.0	0.0	0.0	0.0	0.083	0.0	0.0	0.0	0.0	0.012	0.0	0.0	0.0	0.0	0.0	0.0	0.0	0.0	0.0	0.422	1.0	0.36	0.0	0.0	0.0	0.0	0.308	0.0	0.0	0.0	0.0	0.0	0.0	0.251	0.0	0.048	0.0	0.0	0.026	0.0	0.0	0.0	0.0	0.0	0.0	0.0	0.0	0.062	0.0	0.0	0.0	0.0	0.0	0.0	0.0	0.0	0.0	0.0	0.0	0.0	0.0	0.0	0.0	0.0	0.0	0.0	0.0	0.0	
札木合	0.026	0.0	0.0	0.0	0.0	0.0	0.0	0.0	0.0	0.0	0.0	0.0	0.09	0.0	0.0	0.371	0.0	0.0	0.0	0.043	0.0	0.0	0.0	0.0	0.0	0.0	0.022	0.0	0.0	0.0	0.0	0.0	0.0	0.0	0.0	0.0	0.0	0.0	0.0	0.0	0.016	0.398	0.36	1.0	0.0	0.0	0.0	0.0	0.116	0.0	0.0	0.0	0.0	0.0	0.0	0.097	0.0	0.051	0.0	0.0	0.0	0.0	0.0	0.0	0.0	0.0	0.03	0.0	0.0	0.033	0.0	0.0	0.0	0.0	0.0	0.0	0.0	0.0	0.0	0.0	0.0	0.0	0.0	0.0	0.0	0.0	0.0	0.0	0.0	0.0	
简长老	0.031	0.058	0.014	0.015	0.0	0.071	0.0	0.0	0.0	0.0	0.0	0.0	0.0	0.066	0.0	0.0	0.0	0.0	0.0	0.0	0.0	0.0	0.0	0.0	0.011	0.0	0.0	0.0	0.0	0.0	0.0	0.0	0.0	0.164	0.0	0.0	0.0	0.0	0.0	0.0	0.0	0.0	0.0	0.0	1.0	0.0	0.0	0.0	0.0	0.0	0.0	0.0	0.043	0.0	0.21	0.0	0.0	0.0	0.0	0.0	0.0	0.0	0.0	0.0	0.0	0.0	0.0	0.0	0.0	0.0	0.0	0.0	0.0	0.0	0.0	0.172	0.0	0.0	0.0	0.048	0.0	0.0	0.0	0.061	0.0	0.068	0.0	0.0	0.0	0.0	
张阿生	0.024	0.003	0.0	0.0	0.011	0.0	0.0	0.0	0.086	0.037	0.13	0.122	0.008	0.0	0.0	0.0	0.0	0.0	0.0	0.011	0.0	0.0	0.0	0.0	0.011	0.224	0.0	0.172	0.0	0.0	0.0	0.143	0.0	0.0	0.0	0.179	0.015	0.0	0.0	0.0	0.017	0.0	0.0	0.0	0.0	1.0	0.077	0.0	0.0	0.02	0.0	0.0	0.0	0.022	0.0	0.0	0.0	0.0	0.0	0.0	0.0	0.0	0.0	0.0	0.0	0.0	0.0	0.0	0.0	0.0	0.0	0.0	0.0	0.0	0.0	0.0	0.0	0.0	0.0	0.0	0.0	0.0	0.0	0.0	0.0	0.0	0.0	0.0	0.0	0.0	
陈玄风	0.039	0.014	0.005	0.0	0.068	0.006	0.013	0.0	0.014	0.121	0.054	0.05	0.0	0.0	0.0	0.0	0.01	0.01	0.0	0.0	0.0	0.0	0.0	0.0	0.011	0.08	0.0	0.047	0.0	0.0	0.0	0.04	0.0	0.0	0.0	0.061	0.0	0.0	0.016	0.0	0.0	0.0	0.0	0.0	0.0	0.077	1.0	0.02	0.0	0.0	0.0	0.0	0.0	0.022	0.0	0.0	0.0	0.0	0.0	0.0	0.0	0.0	0.0	0.0	0.0	0.0	0.0	0.0	0.0	0.0	0.037	0.0	0.0	0.0	0.0	0.0	0.0	0.0	0.0	0.0	0.0	0.0	0.0	0.0	0.0	0.0	0.0	0.0	0.0	0.0	
陆乘风	0.03	0.031	0.005	0.011	0.074	0.031	0.013	0.0	0.0	0.084	0.008	0.008	0.017	0.026	0.0	0.0	0.0	0.0	0.113	0.0	0.011	0.0	0.0	0.011	0.011	0.0	0.0	0.0	0.0	0.0	0.0	0.0	0.014	0.0	0.015	0.0	0.031	0.0	0.016	0.0	0.0	0.0	0.0	0.0	0.0	0.0	0.02	1.0	0.0	0.0	0.0	0.022	0.0	0.0	0.0	0.0	0.0	0.0	0.0	0.0	0.0	0.0	0.0	0.0	0.0	0.063	0.0	0.0	0.0	0.0	0.076	0.0	0.0	0.0	0.0	0.0	0.0	0.0	0.0	0.0	0.0	0.0	0.0	0.0	0.0	0.0	0.0	0.0	0.0	0.0	
都史	0.045	0.0	0.0	0.0	0.0	0.0	0.0	0.0	0.0	0.0	0.008	0.017	0.026	0.0	0.0	0.259	0.0	0.0	0.0	0.203	0.0	0.0	0.0	0.0	0.0	0.023	0.105	0.012	0.0	0.0	0.0	0.013	0.0	0.0	0.0	0.0	0.0	0.0	0.0	0.0	0.0	0.352	0.308	0.116	0.0	0.0	0.0	0.0	1.0	0.0	0.0	0.0	0.0	0.0	0.0	0.026	0.027	0.027	0.0	0.0	0.029	0.0	0.0	0.0	0.0	0.0	0.064	0.0	0.0	0.0	0.0	0.0	0.0	0.0	0.0	0.0	0.0	0.0	0.0	0.0	0.0	0.0	0.0	0.0	0.0	0.0	0.0	0.0	0.0	0.0	
焦木	0.003	0.0	0.0	0.0	0.0	0.0	0.0	0.0	0.174	0.0	0.08	0.043	0.026	0.0	0.0	0.0	0.01	0.0	0.0	0.0	0.0	0.0	0.0	0.0	0.0	0.035	0.0	0.084	0.012	0.012	0.0	0.041	0.0	0.0	0.0	0.016	0.095	0.0	0.017	0.0	0.018	0.0	0.0	0.0	0.0	0.02	0.0	0.0	0.0	1.0	0.0	0.0	0.0	0.0	0.0	0.0	0.0	0.0	0.0	0.0	0.0	0.0	0.0	0.0	0.0	0.097	0.0	0.0	0.0	0.0	0.0	0.0	0.0	0.0	0.0	0.0	0.0	0.0	0.0	0.0	0.0	0.0	0.0	0.0	0.0	0.0	0.0	0.0	0.0	0.0	
颜烈	0.0	0.0	0.0	0.0	0.0	0.0	0.0	0.0	0.014	0.0	0.008	0.0	0.009	0.0	0.0	0.0	0.0	0.011	0.0	0.0	0.0	0.0	0.0	0.0	0.0	0.0	0.0	0.0	0.348	0.0	0.0	0.0	0.0	0.0	0.0	0.0	0.064	0.0	0.017	0.0	0.0	0.0	0.0	0.0	0.0	0.0	0.0	0.0	0.0	0.0	1.0	0.0	0.0	0.0	0.0	0.0	0.0	0.0	0.0	0.0	0.0	0.0	0.0	0.0	0.0	0.0	0.0	0.0	0.0	0.0	0.0	0.0	0.0	0.0	0.0	0.0	0.0	0.0	0.0	0.0	0.0	0.0	0.0	0.0	0.0	0.0	0.0	0.0	0.0	0.0	
王重阳	0.035	0.043	0.037	0.074	0.067	0.0	0.063	0.015	0.037	0.017	0.008	0.009	0.0	0.046	0.0	0.0	0.0	0.0	0.0	0.0	0.012	0.012	0.0	0.0	0.074	0.012	0.0	0.013	0.0	0.013	0.0	0.014	0.0	0.0	0.0	0.017	0.0	0.0	0.0	0.0	0.0	0.0	0.0	0.0	0.0	0.0	0.0	0.022	0.0	0.0	0.0	1.0	0.0	0.0	0.0	0.0	0.0	0.0	0.086	0.06	0.0	0.0	0.0	0.033	0.1	0.0	0.0	0.0	0.0	0.0	0.0	0.0	0.0	0.0	0.0	0.0	0.0	0.0	0.0	0.0	0.0	0.0	0.0	0.0	0.0	0.0	0.0	0.0	0.0	0.0	
黎生	0.042	0.054	0.011	0.047	0.0	0.007	0.0	0.113	0.0	0.0	0.0	0.0	0.0	0.01	0.0	0.0	0.0	0.0	0.0	0.0	0.0	0.0	0.0	0.0	0.0	0.0	0.0	0.0	0.0	0.0	0.0	0.0	0.031	0.032	0.0	0.0	0.0	0.0	0.0	0.0	0.0	0.0	0.0	0.0	0.043	0.0	0.0	0.0	0.0	0.0	0.0	0.0	1.0	0.0	0.027	0.0	0.0	0.0	0.0	0.0	0.0	0.0	0.0	0.0	0.0	0.0	0.0	0.0	0.0	0.0	0.0	0.0	0.0	0.0	0.0	0.05	0.0	0.0	0.0	0.447	0.0	0.0	0.0	0.0	0.0	0.0	0.0	0.0	0.0	0.0	
胖子	0.019	0.035	0.006	0.0	0.006	0.014	0.0	0.008	0.015	0.009	0.026	0.019	0.067	0.0	0.01	0.0	0.0	0.0	0.0	0.0	0.0	0.0	0.0	0.0	0.0	0.013	0.0	0.053	0.013	0.014	0.0	0.0	0.0	0.0	0.0	0.017	0.035	0.0	0.0	0.0	0.038	0.0	0.0	0.0	0.0	0.022	0.022	0.0	0.0	0.0	0.0	0.0	0.0	1.0	0.0	0.0	0.0	0.0	0.0	0.0	0.0	0.0	0.0	0.0	0.0	0.0	0.0	0.0	0.0	0.0	0.0	0.0	0.0	0.0	0.0	0.0	0.0	0.0	0.0	0.0	0.0	0.0	0.283	0.0	0.0	0.0	0.0	0.0	0.0	0.0	
彭长老	0.021	0.052	0.0	0.013	0.0	0.06	0.0	0.0	0.0	0.0	0.0	0.0	0.0	0.0	0.011	0.0	0.0	0.0	0.0	0.0	0.0	0.0	0.0	0.0	0.0	0.0	0.0	0.0	0.0	0.0	0.0	0.0	0.0	0.155	0.0	0.0	0.0	0.0	0.0	0.0	0.0	0.0	0.0	0.0	0.21	0.0	0.0	0.0	0.0	0.0	0.0	0.0	0.027	0.0	1.0	0.0	0.0	0.0	0.0	0.0	0.0	0.0	0.0	0.0	0.0	0.0	0.0	0.0	0.0	0.0	0.0	0.0	0.0	0.0	0.0	0.108	0.0	0.0	0.0	0.061	0.0	0.0	0.0	0.0	0.0	0.0	0.0	0.0	0.0	0.0	
完颜洪熙	0.016	0.0	0.0	0.0	0.0	0.0	0.0	0.0	0.009	0.0	0.0	0.0	0.12	0.0	0.0	0.169	0.0	0.0	0.0	0.0	0.0	0.0	0.0	0.0	0.0	0.0	0.0	0.0	0.0	0.0	0.0	0.0	0.0	0.0	0.0	0.0	0.0	0.0	0.0	0.0	0.0	0.111	0.251	0.097	0.0	0.0	0.0	0.0	0.026	0.0	0.0	0.0	0.0	0.0	0.0	1.0	0.0	0.0	0.0	0.0	0.0	0.0	0.0	0.0	0.0	0.0	0.08	0.0	0.0	0.044	0.0	0.0	0.0	0.0	0.0	0.0	0.0	0.0	0.0	0.0	0.0	0.0	0.0	0.0	0.0	0.0	0.0	0.0	0.0	0.0	
窝阔台	0.057	0.0	0.0	0.0	0.0	0.0	0.0	0.0	0.0	0.0	0.0	0.011	0.0	0.0	0.0	0.14	0.0	0.0	0.0	0.268	0.0	0.0	0.0	0.0	0.0	0.0	0.015	0.0	0.0	0.0	0.0	0.0	0.0	0.0	0.0	0.0	0.0	0.0	0.0	0.0	0.0	0.0	0.0	0.0	0.0	0.0	0.0	0.0	0.027	0.0	0.0	0.0	0.0	0.0	0.0	0.0	1.0	0.286	0.0	0.0	0.039	0.0	0.0	0.0	0.0	0.0	0.042	0.173	0.0	0.046	0.0	0.0	0.0	0.0	0.06	0.0	0.06	0.0	0.0	0.0	0.0	0.0	0.0	0.0	0.0	0.0	0.0	0.0	0.0	0.0	
察合台	0.047	0.0	0.0	0.0	0.0	0.0	0.0	0.0	0.0	0.0	0.0	0.0	0.011	0.0	0.0	0.101	0.0	0.0	0.0	0.104	0.0	0.0	0.0	0.0	0.0	0.0	0.031	0.0	0.0	0.0	0.0	0.0	0.0	0.019	0.0	0.0	0.0	0.0	0.0	0.0	0.0	0.023	0.048	0.051	0.0	0.0	0.0	0.0	0.027	0.0	0.0	0.0	0.0	0.0	0.0	0.0	0.286	1.0	0.0	0.0	0.039	0.0	0.0	0.0	0.0	0.0	0.127	0.52	0.0	0.229	0.0	0.0	0.0	0.0	0.0	0.0	0.12	0.0	0.0	0.0	0.0	0.0	0.0	0.0	0.0	0.0	0.0	0.0	0.0	0.0	
孙不二	0.02	0.019	0.007	0.007	0.076	0.025	0.009	0.009	0.128	0.031	0.021	0.0	0.0	0.012	0.025	0.0	0.0	0.0	0.014	0.0	0.0	0.181	0.0	0.0	0.215	0.015	0.0	0.0	0.0	0.0	0.017	0.0	0.056	0.0	0.12	0.0	0.0	0.0	0.0	0.0	0.0	0.0	0.0	0.0	0.0	0.0	0.0	0.0	0.0	0.0	0.0	0.086	0.0	0.0	0.0	0.0	0.0	0.0	1.0	0.296	0.0	0.0	0.0	0.282	0.412	0.0	0.0	0.0	0.0	0.0	0.0	0.0	0.0	0.0	0.0	0.0	0.0	0.0	0.0	0.0	0.0	0.0	0.0	0.0	0.0	0.0	0.0	0.0	0.0	0.0	
谭处端	0.021	0.012	0.061	0.007	0.126	0.017	0.045	0.0	0.123	0.042	0.044	0.0	0.0	0.012	0.013	0.0	0.0	0.0	0.0	0.0	0.0	0.094	0.0	0.0	0.207	0.0	0.0	0.0	0.0	0.0	0.0	0.0	0.0	0.0	0.124	0.0	0.0	0.0	0.0	0.0	0.0	0.0	0.0	0.0	0.0	0.0	0.0	0.0	0.0	0.0	0.0	0.06	0.0	0.0	0.0	0.0	0.0	0.0	0.296	1.0	0.0	0.0	0.0	0.167	0.171	0.0	0.0	0.0	0.0	0.0	0.0	0.0	0.0	0.0	0.0	0.0	0.0	0.0	0.0	0.0	0.0	0.0	0.0	0.0	0.0	0.0	0.0	0.0	0.0	0.0	
博尔忽	0.043	0.004	0.0	0.0	0.0	0.0	0.0	0.0	0.0	0.0	0.0	0.0	0.012	0.0	0.0	0.082	0.0	0.0	0.015	0.177	0.0	0.0	0.0	0.0	0.0	0.0	0.017	0.0	0.0	0.0	0.0	0.019	0.0	0.0	0.0	0.0	0.0	0.0	0.0	0.0	0.0	0.0	0.026	0.0	0.0	0.0	0.0	0.0	0.029	0.0	0.0	0.0	0.0	0.0	0.0	0.0	0.039	0.039	0.0	0.0	1.0	0.0	0.0	0.0	0.0	0.0	0.228	0.0	0.0	0.248	0.0	0.0	0.065	0.065	0.065	0.0	0.065	0.0	0.0	0.0	0.077	0.083	0.0	0.0	0.0	0.0	0.0	0.0	0.0	0.0	
裘千丈	0.051	0.055	0.015	0.0	0.008	0.0	0.0	0.0	0.0	0.0	0.0	0.0	0.013	0.089	0.027	0.0	0.0	0.0	0.0	0.0	0.017	0.0	0.0	0.017	0.0	0.0	0.0	0.0	0.0	0.0	0.0	0.0	0.0	0.0	0.0	0.0	0.0	0.0	0.0	0.0	0.0	0.0	0.0	0.0	0.0	0.0	0.0	0.0	0.0	0.0	0.0	0.0	0.0	0.0	0.0	0.0	0.0	0.0	0.0	0.0	0.0	1.0	0.0	0.0	0.0	0.0	0.0	0.0	0.0	0.0	0.0	0.0	0.0	0.0	0.0	0.0	0.0	0.0	0.0	0.0	0.0	0.0	0.0	0.0	0.0	0.0	0.0	0.0	0.0	0.0	
曲三	0.0	0.0	0.0	0.0	0.0	0.0	0.0	0.0	0.0	0.0	0.0	0.0	0.0	0.0	0.0	0.0	0.0	0.12	0.0	0.0	0.0	0.0	0.0	0.0	0.0	0.0	0.0	0.0	0.0	0.0	0.0	0.0	0.0	0.0	0.0	0.0	0.0	0.0	0.073	0.0	0.0	0.0	0.0	0.0	0.0	0.0	0.0	0.0	0.0	0.0	0.0	0.0	0.0	0.0	0.0	0.0	0.0	0.0	0.0	0.0	0.0	0.0	1.0	0.0	0.0	0.0	0.0	0.0	0.0	0.0	0.0	0.0	0.0	0.0	0.0	0.0	0.0	0.0	0.0	0.0	0.0	0.0	0.0	0.0	0.0	0.0	0.0	0.0	0.0	0.0	
刘处玄	0.008	0.009	0.015	0.016	0.086	0.009	0.02	0.0	0.103	0.023	0.012	0.0	0.0	0.039	0.014	0.0	0.0	0.0	0.0	0.0	0.0	0.153	0.0	0.0	0.173	0.0	0.0	0.0	0.0	0.0	0.0	0.0	0.0	0.0	0.045	0.0	0.0	0.0	0.0	0.0	0.0	0.0	0.0	0.0	0.0	0.0	0.0	0.0	0.0	0.0	0.0	0.033	0.0	0.0	0.0	0.0	0.0	0.0	0.282	0.167	0.0	0.0	0.0	1.0	0.372	0.0	0.0	0.0	0.0	0.0	0.0	0.0	0.0	0.0	0.0	0.0	0.0	0.0	0.0	0.0	0.0	0.0	0.0	0.0	0.0	0.0	0.0	0.0	0.0	0.0	
郝大通	0.008	0.009	0.0	0.016	0.088	0.01	0.0	0.0	0.137	0.0	0.012	0.0	0.0	0.013	0.014	0.0	0.0	0.0	0.0	0.0	0.0	0.209	0.0	0.0	0.23	0.0	0.018	0.0	0.0	0.0	0.0	0.0	0.0	0.0	0.023	0.0	0.0	0.0	0.0	0.0	0.0	0.0	0.0	0.0	0.0	0.0	0.0	0.0	0.0	0.0	0.0	0.1	0.0	0.0	0.0	0.0	0.0	0.0	0.412	0.171	0.0	0.0	0.0	0.372	1.0	0.0	0.0	0.0	0.0	0.0	0.0	0.0	0.0	0.0	0.0	0.0	0.0	0.0	0.0	0.0	0.0	0.0	0.0	0.0	0.0	0.0	0.0	0.0	0.0	0.0	
枯木	0.008	0.005	0.0	0.0	0.009	0.01	0.0	0.0	0.022	0.0	0.0	0.0	0.0	0.014	0.0	0.0	0.0	0.0	0.049	0.0	0.0	0.0	0.0	0.0	0.0	0.0	0.0	0.0	0.0	0.0	0.0	0.0	0.022	0.0	0.024	0.0	0.221	0.0	0.0	0.0	0.0	0.0	0.0	0.0	0.0	0.0	0.0	0.063	0.0	0.097	0.0	0.0	0.0	0.0	0.0	0.0	0.0	0.0	0.0	0.0	0.0	0.0	0.0	0.0	0.0	1.0	0.0	0.0	0.0	0.0	0.0	0.0	0.0	0.0	0.0	0.0	0.0	0.0	0.0	0.0	0.0	0.0	0.0	0.0	0.0	0.0	0.0	0.0	0.0	0.0	
木华黎	0.02	0.0	0.0	0.0	0.0	0.0	0.0	0.0	0.0	0.0	0.0	0.0	0.027	0.0	0.0	0.105	0.0	0.0	0.0	0.088	0.0	0.0	0.0	0.0	0.0	0.0	0.0	0.0	0.0	0.0	0.0	0.0	0.0	0.0	0.0	0.0	0.0	0.0	0.0	0.0	0.0	0.083	0.0	0.03	0.0	0.0	0.0	0.0	0.064	0.0	0.0	0.0	0.0	0.0	0.0	0.08	0.042	0.127	0.0	0.0	0.228	0.0	0.0	0.0	0.0	0.0	1.0	0.051	0.0	0.271	0.0	0.0	0.0	0.0	0.071	0.0	0.141	0.0	0.0	0.0	0.0	0.0	0.0	0.0	0.0	0.0	0.0	0.0	0.0	0.0	
术赤	0.04	0.0	0.0	0.0	0.0	0.0	0.0	0.0	0.0	0.0	0.0	0.0	0.0	0.0	0.0	0.0	0.0	0.0	0.0	0.072	0.0	0.0	0.0	0.0	0.0	0.0	0.038	0.0	0.0	0.0	0.0	0.0	0.0	0.023	0.0	0.0	0.0	0.0	0.0	0.0	0.0	0.0	0.0	0.0	0.0	0.0	0.0	0.0	0.0	0.0	0.0	0.0	0.0	0.0	0.0	0.0	0.173	0.52	0.0	0.0	0.0	0.0	0.0	0.0	0.0	0.0	0.051	1.0	0.0	0.0	0.0	0.0	0.0	0.0	0.0	0.0	0.073	0.0	0.0	0.0	0.0	0.0	0.0	0.0	0.0	0.0	0.0	0.0	0.0	0.0	
张十五	0.0	0.0	0.0	0.0	0.0	0.0	0.0	0.0	0.0	0.0	0.0	0.0	0.0	0.0	0.0	0.0	0.0	0.102	0.0	0.0	0.0	0.0	0.0	0.0	0.0	0.0	0.0	0.0	0.0	0.0	0.0	0.0	0.0	0.0	0.0	0.0	0.0	0.0	0.219	0.0	0.0	0.0	0.0	0.0	0.0	0.0	0.0	0.0	0.0	0.0	0.0	0.0	0.0	0.0	0.0	0.0	0.0	0.0	0.0	0.0	0.0	0.0	0.0	0.0	0.0	0.0	0.0	0.0	1.0	0.0	0.0	0.0	0.0	0.0	0.0	0.0	0.0	0.0	0.0	0.0	0.0	0.0	0.0	0.0	0.0	0.0	0.0	0.0	0.0	0.0	
赤老温	0.034	0.0	0.0	0.0	0.0	0.0	0.0	0.0	0.0	0.0	0.0	0.0	0.0	0.0	0.0	0.081	0.0	0.0	0.0	0.038	0.0	0.0	0.0	0.0	0.0	0.0	0.0	0.0	0.0	0.0	0.0	0.0	0.0	0.0	0.0	0.0	0.0	0.0	0.0	0.0	0.0	0.0	0.062	0.033	0.0	0.0	0.0	0.0	0.0	0.0	0.0	0.0	0.0	0.0	0.0	0.044	0.046	0.229	0.0	0.0	0.248	0.0	0.0	0.0	0.0	0.0	0.271	0.0	0.0	1.0	0.0	0.0	0.0	0.0	0.077	0.0	0.153	0.0	0.0	0.0	0.0	0.0	0.0	0.0	0.0	0.0	0.0	0.0	0.0	0.0	
曲灵风	0.014	0.038	0.0	0.0	0.075	0.0	0.012	0.0	0.0	0.029	0.0	0.0	0.0	0.0	0.0	0.0	0.0	0.0	0.0	0.0	0.0	0.0	0.0	0.0	0.0	0.0	0.0	0.0	0.0	0.0	0.0	0.0	0.0	0.0	0.0	0.0	0.0	0.0	0.0	0.0	0.0	0.0	0.0	0.0	0.0	0.0	0.037	0.076	0.0	0.0	0.0	0.0	0.0	0.0	0.0	0.0	0.0	0.0	0.0	0.0	0.0	0.0	0.0	0.0	0.0	0.0	0.0	0.0	0.0	0.0	1.0	0.0	0.0	0.0	0.0	0.0	0.0	0.0	0.0	0.0	0.0	0.0	0.0	0.0	0.0	0.0	0.0	0.0	0.0	0.0	
吕文德	0.037	0.037	0.0	0.0	0.0	0.0	0.0	0.0	0.0	0.0	0.0	0.0	0.0	0.0	0.0	0.0	0.0	0.0	0.0	0.0	0.0	0.0	0.0	0.0	0.0	0.0	0.0	0.0	0.0	0.0	0.0	0.0	0.0	0.0	0.0	0.0	0.0	0.0	0.0	0.0	0.0	0.0	0.0	0.0	0.0	0.0	0.0	0.0	0.0	0.0	0.0	0.0	0.0	0.0	0.0	0.0	0.0	0.0	0.0	0.0	0.0	0.0	0.0	0.0	0.0	0.0	0.0	0.0	0.0	0.0	0.0	1.0	0.0	0.0	0.0	0.0	0.0	0.0	0.0	0.0	0.0	0.0	0.0	0.0	0.0	0.0	0.0	0.0	0.0	0.0	
马青雄	0.033	0.026	0.0	0.012	0.0	0.0	0.0	0.0	0.0	0.0	0.035	0.019	0.0	0.0	0.0	0.0	0.0	0.0	0.092	0.025	0.0	0.0	0.0	0.0	0.0	0.0	0.0	0.0	0.0	0.055	0.057	0.0	0.0	0.0	0.0	0.0	0.0	0.0	0.0	0.0	0.0	0.0	0.0	0.0	0.0	0.0	0.0	0.0	0.0	0.0	0.0	0.0	0.0	0.0	0.0	0.0	0.0	0.0	0.0	0.0	0.065	0.0	0.0	0.0	0.0	0.0	0.0	0.0	0.0	0.0	0.0	0.0	1.0	0.4	0.0	0.0	0.0	0.0	0.0	0.0	0.478	0.516	0.0	0.0	0.0	0.0	0.0	0.0	0.0	0.0	
钱青健	0.039	0.013	0.0	0.0	0.0	0.0	0.0	0.0	0.0	0.0	0.035	0.019	0.0	0.0	0.0	0.0	0.0	0.0	0.023	0.025	0.0	0.0	0.0	0.0	0.026	0.0	0.0	0.0	0.0	0.027	0.029	0.0	0.0	0.0	0.0	0.034	0.0	0.0	0.0	0.0	0.0	0.0	0.0	0.0	0.0	0.0	0.0	0.0	0.0	0.0	0.0	0.0	0.0	0.0	0.0	0.0	0.0	0.0	0.0	0.0	0.065	0.0	0.0	0.0	0.0	0.0	0.0	0.0	0.0	0.0	0.0	0.0	0.4	1.0	0.0	0.0	0.0	0.0	0.0	0.0	0.359	0.387	0.0	0.0	0.0	0.0	0.0	0.0	0.0	0.0	
者勒米	0.006	0.0	0.0	0.0	0.0	0.0	0.0	0.0	0.0	0.0	0.0	0.0	0.0	0.0	0.0	0.127	0.0	0.0	0.0	0.0	0.0	0.0	0.0	0.0	0.0	0.0	0.0	0.0	0.0	0.0	0.0	0.0	0.0	0.0	0.0	0.0	0.0	0.0	0.0	0.0	0.0	0.0	0.0	0.0	0.0	0.0	0.0	0.0	0.0	0.0	0.0	0.0	0.0	0.0	0.0	0.0	0.06	0.0	0.0	0.0	0.065	0.0	0.0	0.0	0.0	0.0	0.071	0.0	0.0	0.077	0.0	0.0	0.0	0.0	1.0	0.0	0.0	0.0	0.0	0.0	0.0	0.0	0.0	0.0	0.0	0.0	0.365	0.0	0.0	0.0	
梁长老	0.011	0.051	0.0	0.012	0.025	0.028	0.0	0.015	0.0	0.0	0.0	0.0	0.0	0.019	0.0	0.0	0.0	0.0	0.0	0.0	0.0	0.0	0.0	0.0	0.0	0.0	0.0	0.0	0.0	0.0	0.0	0.0	0.031	0.127	0.0	0.0	0.0	0.0	0.0	0.0	0.0	0.0	0.0	0.0	0.172	0.0	0.0	0.0	0.0	0.0	0.0	0.0	0.05	0.0	0.108	0.0	0.0	0.0	0.0	0.0	0.0	0.0	0.0	0.0	0.0	0.0	0.0	0.0	0.0	0.0	0.0	0.0	0.0	0.0	0.0	1.0	0.0	0.0	0.0	0.112	0.0	0.0	0.0	0.0	0.0	0.0	0.0	0.0	0.0	0.0	
博尔术	0.017	0.0	0.0	0.0	0.0	0.0	0.0	0.0	0.0	0.0	0.0	0.0	0.0	0.0	0.0	0.042	0.0	0.0	0.0	0.025	0.0	0.0	0.0	0.0	0.0	0.0	0.0	0.0	0.0	0.0	0.0	0.0	0.0	0.0	0.0	0.0	0.0	0.0	0.0	0.0	0.0	0.0	0.0	0.0	0.0	0.0	0.0	0.0	0.0	0.0	0.0	0.0	0.0	0.0	0.0	0.0	0.06	0.12	0.0	0.0	0.065	0.0	0.0	0.0	0.0	0.0	0.141	0.073	0.0	0.153	0.0	0.0	0.0	0.0	0.0	0.0	1.0	0.0	0.0	0.0	0.0	0.0	0.0	0.0	0.0	0.0	0.0	0.0	0.0	0.0	
汤祖德	0.0	0.0	0.0	0.0	0.0	0.015	0.0	0.017	0.0	0.0	0.0	0.0	0.043	0.0	0.023	0.0	0.0	0.026	0.0	0.0	0.0	0.141	0.085	0.0	0.0	0.0	0.0	0.0	0.03	0.0	0.0	0.0	0.0	0.0	0.0	0.0	0.0	0.0	0.0	0.0	0.0	0.0	0.0	0.0	0.0	0.0	0.0	0.0	0.0	0.0	0.0	0.0	0.0	0.0	0.0	0.0	0.0	0.0	0.0	0.0	0.0	0.0	0.0	0.0	0.0	0.0	0.0	0.0	0.0	0.0	0.0	0.0	0.0	0.0	0.0	0.0	0.0	1.0	0.0	0.0	0.0	0.0	0.0	0.0	0.0	0.0	0.0	0.0	0.0	0.0	
天竺僧人	0.031	0.029	0.012	0.0	0.0	0.0	0.0	0.0	0.0	0.0	0.0	0.0	0.0	0.0	0.0	0.0	0.0	0.0	0.0	0.0	0.056	0.0	0.0	0.2	0.0	0.0	0.0	0.0	0.0	0.0	0.0	0.0	0.0	0.0	0.0	0.0	0.0	0.0	0.0	0.0	0.0	0.0	0.0	0.0	0.0	0.0	0.0	0.0	0.0	0.0	0.0	0.0	0.0	0.0	0.0	0.0	0.0	0.0	0.0	0.0	0.0	0.0	0.0	0.0	0.0	0.0	0.0	0.0	0.0	0.0	0.0	0.0	0.0	0.0	0.0	0.0	0.0	0.0	1.0	0.0	0.0	0.0	0.0	0.0	0.0	0.0	0.0	0.0	0.0	0.0	
余兆兴	0.006	0.021	0.0	0.013	0.0	0.0	0.0	0.034	0.0	0.0	0.0	0.0	0.0	0.0	0.0	0.0	0.0	0.0	0.0	0.0	0.0	0.0	0.0	0.0	0.0	0.0	0.0	0.0	0.0	0.0	0.0	0.0	0.035	0.036	0.0	0.0	0.0	0.0	0.0	0.0	0.0	0.0	0.0	0.0	0.048	0.0	0.0	0.0	0.0	0.0	0.0	0.0	0.447	0.0	0.061	0.0	0.0	0.0	0.0	0.0	0.0	0.0	0.0	0.0	0.0	0.0	0.0	0.0	0.0	0.0	0.0	0.0	0.0	0.0	0.0	0.112	0.0	0.0	0.0	1.0	0.0	0.0	0.0	0.0	0.0	0.0	0.0	0.0	0.0	0.0	
沈青刚	0.04	0.015	0.0	0.0	0.0	0.0	0.0	0.0	0.0	0.0	0.021	0.022	0.0	0.0	0.0	0.0	0.0	0.0	0.028	0.03	0.0	0.0	0.0	0.0	0.0	0.0	0.0	0.0	0.0	0.033	0.103	0.0	0.0	0.0	0.0	0.0	0.0	0.0	0.0	0.0	0.0	0.0	0.0	0.0	0.0	0.0	0.0	0.0	0.0	0.0	0.0	0.0	0.0	0.0	0.0	0.0	0.0	0.0	0.0	0.0	0.077	0.0	0.0	0.0	0.0	0.0	0.0	0.0	0.0	0.0	0.0	0.0	0.478	0.359	0.0	0.0	0.0	0.0	0.0	0.0	1.0	0.617	0.0	0.0	0.0	0.0	0.0	0.0	0.0	0.0	
吴青烈	0.036	0.008	0.0	0.0	0.0	0.0	0.0	0.0	0.0	0.0	0.045	0.024	0.0	0.0	0.0	0.0	0.0	0.0	0.03	0.032	0.0	0.0	0.0	0.0	0.0	0.0	0.0	0.0	0.0	0.035	0.074	0.0	0.0	0.0	0.0	0.0	0.0	0.0	0.0	0.0	0.0	0.0	0.0	0.0	0.0	0.0	0.0	0.0	0.0	0.0	0.0	0.0	0.0	0.0	0.0	0.0	0.0	0.0	0.0	0.0	0.083	0.0	0.0	0.0	0.0	0.0	0.0	0.0	0.0	0.0	0.0	0.0	0.516	0.387	0.0	0.0	0.0	0.0	0.0	0.0	0.617	1.0	0.0	0.0	0.0	0.0	0.0	0.0	0.0	0.0	
胖妇人	0.024	0.045	0.0	0.0	0.0	0.0	0.0	0.0	0.0	0.0	0.0	0.0	0.0	0.0	0.0	0.0	0.0	0.0	0.0	0.0	0.0	0.0	0.0	0.0	0.0	0.0	0.0	0.0	0.0	0.0	0.0	0.0	0.0	0.0	0.0	0.0	0.0	0.0	0.0	0.0	0.0	0.0	0.0	0.0	0.0	0.0	0.0	0.0	0.0	0.0	0.0	0.0	0.0	0.283	0.0	0.0	0.0	0.0	0.0	0.0	0.0	0.0	0.0	0.0	0.0	0.0	0.0	0.0	0.0	0.0	0.0	0.0	0.0	0.0	0.0	0.0	0.0	0.0	0.0	0.0	0.0	0.0	1.0	0.0	0.0	0.0	0.0	0.0	0.0	0.0	
瘦丐	0.016	0.009	0.0	0.0	0.0	0.078	0.0	0.0	0.0	0.0	0.0	0.0	0.0	0.0	0.0	0.0	0.0	0.0	0.0	0.035	0.0	0.0	0.0	0.0	0.0	0.0	0.037	0.0	0.0	0.0	0.0	0.0	0.0	0.0	0.0	0.0	0.0	0.0	0.0	0.0	0.0	0.0	0.0	0.0	0.061	0.0	0.0	0.0	0.0	0.0	0.0	0.0	0.0	0.0	0.0	0.0	0.0	0.0	0.0	0.0	0.0	0.0	0.0	0.0	0.0	0.0	0.0	0.0	0.0	0.0	0.0	0.0	0.0	0.0	0.0	0.0	0.0	0.0	0.0	0.0	0.0	0.0	0.0	1.0	0.0	0.894	0.0	0.0	0.0	0.0	
渔樵耕读	0.024	0.036	0.0	0.017	0.0	0.0	0.0	0.0	0.0	0.0	0.0	0.0	0.0	0.0	0.0	0.0	0.0	0.0	0.0	0.0	0.036	0.0	0.0	0.0	0.0	0.0	0.0	0.0	0.0	0.0	0.0	0.0	0.0	0.0	0.0	0.0	0.0	0.05	0.0	0.0	0.0	0.0	0.0	0.0	0.0	0.0	0.0	0.0	0.0	0.0	0.0	0.0	0.0	0.0	0.0	0.0	0.0	0.0	0.0	0.0	0.0	0.0	0.0	0.0	0.0	0.0	0.0	0.0	0.0	0.0	0.0	0.0	0.0	0.0	0.0	0.0	0.0	0.0	0.0	0.0	0.0	0.0	0.0	0.0	1.0	0.0	0.0	0.0	0.0	0.0	
胖丐	0.018	0.01	0.0	0.0	0.0	0.065	0.0	0.0	0.0	0.0	0.0	0.0	0.0	0.0	0.0	0.0	0.0	0.0	0.0	0.039	0.0	0.0	0.0	0.0	0.0	0.0	0.041	0.0	0.0	0.0	0.0	0.0	0.0	0.0	0.0	0.0	0.0	0.0	0.0	0.0	0.0	0.0	0.0	0.0	0.068	0.0	0.0	0.0	0.0	0.0	0.0	0.0	0.0	0.0	0.0	0.0	0.0	0.0	0.0	0.0	0.0	0.0	0.0	0.0	0.0	0.0	0.0	0.0	0.0	0.0	0.0	0.0	0.0	0.0	0.0	0.0	0.0	0.0	0.0	0.0	0.0	0.0	0.0	0.894	0.0	1.0	0.0	0.0	0.0	0.0	
忽都虎	0.0	0.0	0.0	0.0	0.0	0.0	0.0	0.0	0.0	0.0	0.0	0.0	0.0	0.0	0.0	0.116	0.0	0.0	0.0	0.0	0.0	0.0	0.0	0.0	0.0	0.0	0.0	0.0	0.0	0.0	0.0	0.0	0.0	0.0	0.0	0.0	0.0	0.0	0.0	0.0	0.0	0.0	0.0	0.0	0.0	0.0	0.0	0.0	0.0	0.0	0.0	0.0	0.0	0.0	0.0	0.0	0.0	0.0	0.0	0.0	0.0	0.0	0.0	0.0	0.0	0.0	0.0	0.0	0.0	0.0	0.0	0.0	0.0	0.0	0.365	0.0	0.0	0.0	0.0	0.0	0.0	0.0	0.0	0.0	0.0	0.0	1.0	0.0	0.0	0.0	
韩麟	0.0	0.0	0.0	0.0	0.0	0.0	0.0	0.0	0.0	0.0	0.0	0.0	0.043	0.0	0.0	0.0	0.0	0.0	0.0	0.0	0.0	0.0	0.0	0.0	0.0	0.0	0.0	0.0	0.06	0.0	0.0	0.0	0.0	0.0	0.0	0.0	0.0	0.0	0.0	0.0	0.0	0.0	0.0	0.0	0.0	0.0	0.0	0.0	0.0	0.0	0.0	0.0	0.0	0.0	0.0	0.0	0.0	0.0	0.0	0.0	0.0	0.0	0.0	0.0	0.0	0.0	0.0	0.0	0.0	0.0	0.0	0.0	0.0	0.0	0.0	0.0	0.0	0.0	0.0	0.0	0.0	0.0	0.0	0.0	0.0	0.0	0.0	1.0	0.0	0.0	
乔寨主	0.012	0.0	0.0	0.0	0.0	0.0	0.0	0.0	0.0	0.0	0.0	0.0	0.0	0.0	0.0	0.0	0.0	0.0	0.0	0.0	0.0	0.0	0.0	0.0	0.0	0.0	0.0	0.0	0.0	0.0	0.0	0.0	0.0	0.0	0.0	0.0	0.0	0.0	0.0	0.0	0.0	0.0	0.0	0.0	0.0	0.0	0.0	0.0	0.0	0.0	0.0	0.0	0.0	0.0	0.0	0.0	0.0	0.0	0.0	0.0	0.0	0.0	0.0	0.0	0.0	0.0	0.0	0.0	0.0	0.0	0.0	0.0	0.0	0.0	0.0	0.0	0.0	0.0	0.0	0.0	0.0	0.0	0.0	0.0	0.0	0.0	0.0	0.0	1.0	0.0	
曲傻姑	0.0	0.0	0.0	0.037	0.0	0.044	0.0	0.0	0.0	0.0	0.0	0.0	0.0	0.0	0.0	0.0	0.0	0.0	0.0	0.0	0.0	0.0	0.0	0.0	0.0	0.0	0.0	0.0	0.0	0.0	0.0	0.0	0.0	0.0	0.0	0.0	0.0	0.0	0.0	0.0	0.0	0.0	0.0	0.0	0.0	0.0	0.0	0.0	0.0	0.0	0.0	0.0	0.0	0.0	0.0	0.0	0.0	0.0	0.0	0.0	0.0	0.0	0.0	0.0	0.0	0.0	0.0	0.0	0.0	0.0	0.0	0.0	0.0	0.0	0.0	0.0	0.0	0.0	0.0	0.0	0.0	0.0	0.0	0.0	0.0	0.0	0.0	0.0	0.0	1.0	
